0001_0163_0037_0308_0308.jpg 1 163 37 308 308
0002_0409_0256_0055_0055.jpg 1 409 256 55 55
0003_0245_0317_0088_0088.jpg 1 245 317 88 88
0004_0057_0044_0299_0299.jpg 1 57 44 299 299
0005_0231_0168_0231_0231.jpg 1 231 168 231 231
0006_0056_0195_0173_0173.jpg 1 56 195 173 173
0007_0346_0270_0111_0111.jpg 1 346 270 111 111
0008_0280_0050_0123_0123.jpg 1 280 50 123 123
0009_0184_0223_0138_0138.jpg 1 184 223 138 138
0010_0359_0165_0128_0128.jpg 1 359 165 128 128
0011_0208_0098_0120_0120.jpg 1 208 98 120 120
0012_0226_0078_0129_0129.jpg 1 226 78 129 129
0013_0221_0073_0196_0196.jpg 1 221 73 196 196
0014_0176_0343_0034_0034.jpg 1 176 343 34 34
0015_0363_0191_0152_0152.jpg 1 363 191 152 152
0016_0060_0126_0266_0266.jpg 1 60 126 266 266
0017_0228_0101_0194_0194.jpg 1 228 101 194 194
0018_0314_0109_0156_0156.jpg 1 314 109 156 156
0019_0318_0055_0138_0138.jpg 1 318 55 138 138
0020_0420_0101_0064_0064.jpg 1 420 101 64 64
0021_0108_0234_0035_0035.jpg 1 108 234 35 35
0022_0349_0266_0149_0149.jpg 1 349 266 149 149
0023_0094_0034_0266_0266.jpg 1 94 34 266 266
0024_0099_0284_0046_0046.jpg 1 99 284 46 46
0025_0239_0077_0226_0226.jpg 1 239 77 226 226
0026_0087_0023_0236_0236.jpg 1 87 23 236 236
0027_0237_0090_0312_0312.jpg 1 237 90 312 312
0028_0227_0092_0193_0193.jpg 1 227 92 193 193
0029_0415_0205_0042_0042.jpg 1 415 205 42 42
0030_0209_0168_0134_0134.jpg 1 209 168 134 134
0031_0055_0187_0087_0087.jpg 1 55 187 87 87
0032_0182_0084_0090_0090.jpg 1 182 84 90 90
0033_0224_0135_0289_0289.jpg 1 224 135 289 289
0034_0340_0234_0073_0073.jpg 1 340 234 73 73
0035_0171_0283_0034_0034.jpg 1 171 283 34 34
0036_0361_0123_0118_0118.jpg 1 361 123 118 118
0037_0132_0144_0093_0093.jpg 1 132 144 93 93
0038_0340_0122_0145_0145.jpg 1 340 122 145 145
0039_0160_0035_0237_0237.jpg 1 160 35 237 237
0040_0163_0128_0106_0106.jpg 1 163 128 106 106
0041_0369_0280_0082_0082.jpg 1 369 280 82 82
0042_0331_0172_0193_0193.jpg 1 331 172 193 193
0043_0396_0188_0109_0109.jpg 1 396 188 109 109
0044_0271_0159_0125_0125.jpg 1 271 159 125 125
0045_0237_0158_0037_0037.jpg 1 237 158 37 37
0046_0051_0238_0102_0102.jpg 1 51 238 102 102
0047_0219_0041_0240_0240.jpg 1 219 41 240 240
0048_0461_0233_0030_0030.jpg 1 461 233 30 30
0049_0260_0150_0144_0144.jpg 1 260 150 144 144
0050_0053_0196_0140_0140.jpg 1 53 196 140 140
0051_0278_0142_0132_0132.jpg 1 278 142 132 132
0052_0046_0098_0289_0289.jpg 1 46 98 289 289
0053_0419_0295_0034_0034.jpg 1 419 295 34 34
0054_0127_0118_0282_0282.jpg 1 127 118 282 282
0055_0231_0127_0040_0040.jpg 1 231 127 40 40
0056_0247_0027_0308_0308.jpg 1 247 27 308 308
0057_0118_0209_0211_0211.jpg 1 118 209 211 211
0058_0446_0202_0071_0071.jpg 1 446 202 71 71
0059_0109_0194_0105_0105.jpg 1 109 194 105 105
0060_0103_0040_0061_0061.jpg 1 103 40 61 61
0061_0221_0181_0177_0177.jpg 1 221 181 177 177
0062_0104_0062_0171_0171.jpg 1 104 62 171 171
0063_0034_0046_0306_0306.jpg 1 34 46 306 306
0064_0226_0024_0258_0258.jpg 1 226 24 258 258
0065_0381_0084_0173_0173.jpg 1 381 84 173 173
0066_0271_0025_0213_0213.jpg 1 271 25 213 213
0067_0155_0146_0217_0217.jpg 1 155 146 217 217
0068_0267_0047_0210_0210.jpg 1 267 47 210 210
0069_0075_0105_0109_0109.jpg 1 75 105 109 109
0070_0239_0264_0039_0039.jpg 1 239 264 39 39
0071_0052_0080_0290_0290.jpg 1 52 80 290 290
0072_0349_0102_0185_0185.jpg 1 349 102 185 185
0073_0365_0100_0162_0162.jpg 1 365 100 162 162
0074_0099_0222_0114_0114.jpg 1 99 222 114 114
0075_0105_0026_0255_0255.jpg 1 105 26 255 255
0076_0201_0166_0201_0201.jpg 1 201 166 201 201
0077_0218_0053_0029_0029.jpg 1 218 53 29 29
0078_0283_0207_0214_0214.jpg 1 283 207 214 214
0079_0270_0123_0159_0159.jpg 1 270 123 159 159
0080_0089_0077_0123_0123.jpg 1 89 77 123 123
0081_0226_0062_0217_0217.jpg 1 226 62 217 217
0082_0093_0035_0282_0282.jpg 1 93 35 282 282
0083_0332_0214_0160_0160.jpg 1 332 214 160 160
0084_0332_0187_0187_0187.jpg 1 332 187 187 187
0085_0257_0050_0277_0277.jpg 1 257 50 277 277
0086_0167_0078_0271_0271.jpg 1 167 78 271 271
0087_0368_0091_0106_0106.jpg 1 368 91 106 106
0088_0217_0071_0302_0302.jpg 1 217 71 302 302
0089_0258_0274_0131_0131.jpg 1 258 274 131 131
0090_0208_0067_0246_0246.jpg 1 208 67 246 246
0091_0182_0045_0247_0247.jpg 1 182 45 247 247
0092_0300_0148_0257_0257.jpg 1 300 148 257 257
0093_0455_0270_0028_0028.jpg 1 455 270 28 28
0094_0330_0080_0124_0124.jpg 1 330 80 124 124
0095_0232_0095_0306_0306.jpg 1 232 95 306 306
0096_0278_0147_0212_0212.jpg 1 278 147 212 212
0097_0039_0090_0224_0224.jpg 1 39 90 224 224
0098_0264_0134_0082_0082.jpg 1 264 134 82 82
0099_0273_0050_0224_0224.jpg 1 273 50 224 224
0100_0237_0160_0108_0108.jpg 1 237 160 108 108
0101_0347_0197_0053_0053.jpg 1 347 197 53 53
0102_0072_0157_0134_0134.jpg 1 72 157 134 134
0103_0249_0206_0128_0128.jpg 1 249 206 128 128
0104_0151_0038_0169_0169.jpg 1 151 38 169 169
0105_0158_0215_0198_0198.jpg 1 158 215 198 198
0106_0237_0189_0121_0121.jpg 1 237 189 121 121
0107_0229_0077_0181_0181.jpg 1 229 77 181 181
0108_0351_0240_0157_0157.jpg 1 351 240 157 157
0109_0229_0249_0147_0147.jpg 1 229 249 147 147
0110_0366_0138_0182_0182.jpg 1 366 138 182 182
0111_0269_0250_0072_0072.jpg 1 269 250 72 72
0112_0195_0052_0310_0310.jpg 1 195 52 310 310
0113_0104_0139_0076_0076.jpg 1 104 139 76 76
0114_0273_0233_0067_0067.jpg 1 273 233 67 67
0115_0201_0087_0044_0044.jpg 1 201 87 44 44
0116_0399_0034_0127_0127.jpg 1 399 34 127 127
0117_0048_0047_0297_0297.jpg 1 48 47 297 297
0118_0062_0054_0148_0148.jpg 1 62 54 148 148
0119_0076_0081_0305_0305.jpg 1 76 81 305 305
0120_0086_0188_0202_0202.jpg 1 86 188 202 202
0121_0125_0119_0295_0295.jpg 1 125 119 295 295
0122_0383_0140_0122_0122.jpg 1 383 140 122 122
0123_0042_0031_0298_0298.jpg 1 42 31 298 298
0124_0059_0115_0226_0226.jpg 1 59 115 226 226
0125_0074_0040_0309_0309.jpg 1 74 40 309 309
0126_0257_0221_0050_0050.jpg 1 257 221 50 50
0127_0113_0203_0121_0121.jpg 1 113 203 121 121
0128_0232_0040_0161_0161.jpg 1 232 40 161 161
0129_0336_0229_0082_0082.jpg 1 336 229 82 82
0130_0233_0163_0154_0154.jpg 1 233 163 154 154
0131_0124_0085_0222_0222.jpg 1 124 85 222 222
0132_0348_0219_0194_0194.jpg 1 348 219 194 194
0133_0056_0336_0061_0061.jpg 1 56 336 61 61
0134_0051_0151_0226_0226.jpg 1 51 151 226 226
0135_0321_0099_0116_0116.jpg 1 321 99 116 116
0136_0252_0229_0035_0035.jpg 1 252 229 35 35
0137_0084_0101_0042_0042.jpg 1 84 101 42 42
0138_0201_0016_0284_0284.jpg 1 201 16 284 284
0139_0278_0213_0198_0198.jpg 1 278 213 198 198
0140_0327_0090_0152_0152.jpg 1 327 90 152 152
0141_0151_0023_0259_0259.jpg 1 151 23 259 259
0142_0159_0055_0198_0198.jpg 1 159 55 198 198
0143_0169_0090_0296_0296.jpg 1 169 90 296 296
0144_0305_0021_0247_0247.jpg 1 305 21 247 247
0145_0233_0085_0246_0246.jpg 1 233 85 246 246
0146_0423_0267_0035_0035.jpg 1 423 267 35 35
0147_0220_0165_0112_0112.jpg 1 220 165 112 112
0148_0353_0172_0156_0156.jpg 1 353 172 156 156
0149_0160_0074_0239_0239.jpg 1 160 74 239 239
0150_0489_0272_0047_0047.jpg 1 489 272 47 47
0151_0386_0247_0116_0116.jpg 1 386 247 116 116
0152_0160_0226_0163_0163.jpg 1 160 226 163 163
0153_0086_0062_0266_0266.jpg 1 86 62 266 266
0154_0271_0127_0284_0284.jpg 1 271 127 284 284
0155_0360_0206_0050_0050.jpg 1 360 206 50 50
0156_0399_0225_0133_0133.jpg 1 399 225 133 133
0157_0232_0121_0255_0255.jpg 1 232 121 255 255
0158_0291_0133_0214_0214.jpg 1 291 133 214 214
0159_0267_0121_0272_0272.jpg 1 267 121 272 272
0160_0353_0037_0193_0193.jpg 1 353 37 193 193
0161_0220_0069_0150_0150.jpg 1 220 69 150 150
0162_0164_0068_0245_0245.jpg 1 164 68 245 245
0163_0098_0093_0051_0051.jpg 1 98 93 51 51
0164_0174_0128_0289_0289.jpg 1 174 128 289 289
0165_0212_0028_0223_0223.jpg 1 212 28 223 223
0166_0170_0062_0227_0227.jpg 1 170 62 227 227
0167_0219_0216_0206_0206.jpg 1 219 216 206 206
0168_0261_0102_0256_0256.jpg 1 261 102 256 256
0169_0143_0099_0174_0174.jpg 1 143 99 174 174
0170_0153_0065_0282_0282.jpg 1 153 65 282 282
0171_0270_0221_0188_0188.jpg 1 270 221 188 188
0172_0133_0168_0025_0025.jpg 1 133 168 25 25
0173_0110_0219_0202_0202.jpg 1 110 219 202 202
0174_0234_0109_0216_0216.jpg 1 234 109 216 216
0175_0245_0115_0132_0132.jpg 1 245 115 132 132
0176_0219_0153_0205_0205.jpg 1 219 153 205 205
0177_0376_0068_0116_0116.jpg 1 376 68 116 116
0178_0072_0163_0249_0249.jpg 1 72 163 249 249
0179_0096_0025_0297_0297.jpg 1 96 25 297 297
0180_0053_0081_0308_0308.jpg 1 53 81 308 308
0181_0257_0067_0290_0290.jpg 1 257 67 290 290
0182_0426_0135_0058_0058.jpg 1 426 135 58 58
0183_0129_0219_0176_0176.jpg 1 129 219 176 176
0184_0339_0047_0073_0073.jpg 1 339 47 73 73
0185_0369_0091_0092_0092.jpg 1 369 91 92 92
0186_0102_0243_0139_0139.jpg 1 102 243 139 139
0187_0098_0236_0179_0179.jpg 1 98 236 179 179
0188_0446_0236_0091_0091.jpg 1 446 236 91 91
0189_0129_0332_0062_0062.jpg 1 129 332 62 62
0190_0130_0272_0033_0033.jpg 1 130 272 33 33
0191_0387_0197_0155_0155.jpg 1 387 197 155 155
0192_0162_0072_0073_0073.jpg 1 162 72 73 73
0193_0319_0273_0121_0121.jpg 1 319 273 121 121
0194_0163_0071_0299_0299.jpg 1 163 71 299 299
0195_0148_0267_0035_0035.jpg 1 148 267 35 35
0196_0227_0190_0225_0225.jpg 1 227 190 225 225
0197_0366_0180_0114_0114.jpg 1 366 180 114 114
0198_0272_0028_0253_0253.jpg 1 272 28 253 253
0199_0090_0069_0287_0287.jpg 1 90 69 287 287
0200_0296_0056_0160_0160.jpg 1 296 56 160 160
