0001_0151_0298_0055_0055.jpg 1 151 298 55 55
0002_0145_0042_0186_0186.jpg 1 145 42 186 186
0003_0056_0068_0300_0300.jpg 1 56 68 300 300
0004_0260_0115_0222_0222.jpg 1 260 115 222 222
0005_0218_0228_0108_0108.jpg 1 218 228 108 108
0006_0273_0036_0094_0094.jpg 1 273 36 94 94
0007_0428_0308_0057_0057.jpg 1 428 308 57 57
0008_0283_0085_0279_0279.jpg 1 283 85 279 279
0009_0428_0222_0079_0079.jpg 1 428 222 79 79
0010_0236_0226_0109_0109.jpg 1 236 226 109 109
0011_0092_0089_0075_0075.jpg 1 92 89 75 75
0012_0425_0336_0040_0040.jpg 1 425 336 40 40
0013_0175_0034_0158_0158.jpg 1 175 34 158 158
0014_0321_0197_0038_0038.jpg 1 321 197 38 38
0015_0065_0048_0260_0260.jpg 1 65 48 260 260
0016_0171_0071_0041_0041.jpg 1 171 71 41 41
0017_0395_0331_0044_0044.jpg 1 395 331 44 44
0018_0260_0271_0051_0051.jpg 1 260 271 51 51
0019_0238_0301_0094_0094.jpg 1 238 301 94 94
0020_0076_0047_0104_0104.jpg 1 76 47 104 104
0021_0127_0151_0250_0250.jpg 1 127 151 250 250
0022_0281_0170_0050_0050.jpg 1 281 170 50 50
0023_0098_0094_0314_0314.jpg 1 98 94 314 314
0024_0420_0070_0038_0038.jpg 1 420 70 38 38
0025_0089_0067_0045_0045.jpg 1 89 67 45 45
0026_0145_0166_0042_0042.jpg 1 145 166 42 42
0027_0239_0138_0172_0172.jpg 1 239 138 172 172
0028_0211_0032_0289_0289.jpg 1 211 32 289 289
0029_0448_0123_0068_0068.jpg 1 448 123 68 68
0030_0102_0052_0270_0270.jpg 1 102 52 270 270
0031_0241_0095_0269_0269.jpg 1 241 95 269 269
0032_0058_0145_0206_0206.jpg 1 58 145 206 206
0033_0383_0055_0039_0039.jpg 1 383 55 39 39
0034_0321_0191_0123_0123.jpg 1 321 191 123 123
0035_0305_0151_0220_0220.jpg 1 305 151 220 220
0036_0331_0215_0148_0148.jpg 1 331 215 148 148
0037_0101_0038_0210_0210.jpg 1 101 38 210 210
0038_0186_0162_0238_0238.jpg 1 186 162 238 238
0039_0283_0080_0272_0272.jpg 1 283 80 272 272
0040_0281_0198_0117_0117.jpg 1 281 198 117 117
0041_0141_0055_0265_0265.jpg 1 141 55 265 265
0042_0263_0087_0191_0191.jpg 1 263 87 191 191
0043_0399_0162_0125_0125.jpg 1 399 162 125 125
0044_0111_0134_0108_0108.jpg 1 111 134 108 108
0045_0314_0176_0125_0125.jpg 1 314 176 125 125
0046_0200_0061_0180_0180.jpg 1 200 61 180 180
0047_0060_0043_0281_0281.jpg 1 60 43 281 281
0048_0255_0058_0236_0236.jpg 1 255 58 236 236
0049_0128_0053_0149_0149.jpg 1 128 53 149 149
0050_0269_0094_0173_0173.jpg 1 269 94 173 173
0051_0348_0300_0062_0062.jpg 1 348 300 62 62
0052_0102_0227_0160_0160.jpg 1 102 227 160 160
0053_0424_0187_0044_0044.jpg 1 424 187 44 44
0054_0292_0240_0140_0140.jpg 1 292 240 140 140
0055_0370_0139_0149_0149.jpg 1 370 139 149 149
0056_0299_0177_0200_0200.jpg 1 299 177 200 200
0057_0237_0070_0027_0027.jpg 1 237 70 27 27
0058_0182_0064_0030_0030.jpg 1 182 64 30 30
0059_0480_0147_0051_0051.jpg 1 480 147 51 51
0060_0358_0079_0154_0154.jpg 1 358 79 154 154
0061_0230_0152_0230_0230.jpg 1 230 152 230 230
0062_0244_0111_0230_0230.jpg 1 244 111 230 230
0063_0207_0116_0266_0266.jpg 1 207 116 266 266
0064_0185_0216_0149_0149.jpg 1 185 216 149 149
0065_0349_0079_0202_0202.jpg 1 349 79 202 202
0066_0263_0076_0283_0283.jpg 1 263 76 283 283
0067_0242_0067_0178_0178.jpg 1 242 67 178 178
0068_0097_0170_0043_0043.jpg 1 97 170 43 43
0069_0265_0044_0237_0237.jpg 1 265 44 237 237
0070_0283_0168_0142_0142.jpg 1 283 168 142 142
0071_0330_0275_0125_0125.jpg 1 330 275 125 125
0072_0166_0110_0242_0242.jpg 1 166 110 242 242
0073_0198_0101_0171_0171.jpg 1 198 101 171 171
0074_0337_0084_0098_0098.jpg 1 337 84 98 98
0075_0238_0198_0208_0208.jpg 1 238 198 208 208
0076_0092_0115_0265_0265.jpg 1 92 115 265 265
0077_0165_0310_0052_0052.jpg 1 165 310 52 52
0078_0245_0063_0094_0094.jpg 1 245 63 94 94
0079_0079_0039_0208_0208.jpg 1 79 39 208 208
0080_0250_0079_0205_0205.jpg 1 250 79 205 205
0081_0315_0117_0148_0148.jpg 1 315 117 148 148
0082_0269_0169_0205_0205.jpg 1 269 169 205 205
0083_0121_0082_0164_0164.jpg 1 121 82 164 164
0084_0181_0043_0181_0181.jpg 1 181 43 181 181
0085_0352_0267_0031_0031.jpg 1 352 267 31 31
0086_0318_0082_0101_0101.jpg 1 318 82 101 101
0087_0065_0070_0242_0242.jpg 1 65 70 242 242
0088_0295_0035_0199_0199.jpg 1 295 35 199 199
0089_0284_0067_0093_0093.jpg 1 284 67 93 93
0090_0296_0245_0078_0078.jpg 1 296 245 78 78
0091_0233_0094_0279_0279.jpg 1 233 94 279 279
0092_0438_0039_0101_0101.jpg 1 438 39 101 101
0093_0195_0121_0116_0116.jpg 1 195 121 116 116
0094_0147_0078_0160_0160.jpg 1 147 78 160 160
0095_0095_0135_0292_0292.jpg 1 95 135 292 292
0096_0035_0118_0257_0257.jpg 1 35 118 257 257
0097_0128_0179_0237_0237.jpg 1 128 179 237 237
0098_0121_0235_0122_0122.jpg 1 121 235 122 122
0099_0212_0061_0302_0302.jpg 1 212 61 302 302
0100_0130_0294_0104_0104.jpg 1 130 294 104 104
0101_0219_0155_0213_0213.jpg 1 219 155 213 213
0102_0360_0087_0191_0191.jpg 1 360 87 191 191
0103_0120_0220_0073_0073.jpg 1 120 220 73 73
0104_0341_0060_0193_0193.jpg 1 341 60 193 193
0105_0306_0173_0068_0068.jpg 1 306 173 68 68
0106_0095_0138_0098_0098.jpg 1 95 138 98 98
0107_0156_0110_0065_0065.jpg 1 156 110 65 65
0108_0210_0137_0035_0035.jpg 1 210 137 35 35
0109_0345_0179_0101_0101.jpg 1 345 179 101 101
0110_0107_0185_0213_0213.jpg 1 107 185 213 213
0111_0411_0069_0107_0107.jpg 1 411 69 107 107
0112_0232_0087_0303_0303.jpg 1 232 87 303 303
0113_0326_0147_0163_0163.jpg 1 326 147 163 163
0114_0097_0248_0024_0024.jpg 1 97 248 24 24
0115_0075_0111_0158_0158.jpg 1 75 111 158 158
0116_0310_0174_0231_0231.jpg 1 310 174 231 231
0117_0374_0199_0065_0065.jpg 1 374 199 65 65
0118_0188_0175_0244_0244.jpg 1 188 175 244 244
0119_0249_0138_0291_0291.jpg 1 249 138 291 291
0120_0309_0181_0188_0188.jpg 1 309 181 188 188
0121_0119_0151_0248_0248.jpg 1 119 151 248 248
0122_0139_0132_0301_0301.jpg 1 139 132 301 301
0123_0181_0165_0026_0026.jpg 1 181 165 26 26
0124_0289_0126_0237_0237.jpg 1 289 126 237 237
0125_0316_0142_0091_0091.jpg 1 316 142 91 91
0126_0269_0049_0201_0201.jpg 1 269 49 201 201
0127_0305_0175_0225_0225.jpg 1 305 175 225 225
0128_0188_0058_0144_0144.jpg 1 188 58 144 144
0129_0401_0293_0076_0076.jpg 1 401 293 76 76
0130_0300_0177_0192_0192.jpg 1 300 177 192 192
0131_0286_0160_0181_0181.jpg 1 286 160 181 181
0132_0282_0094_0075_0075.jpg 1 282 94 75 75
0133_0073_0336_0062_0062.jpg 1 73 336 62 62
0134_0052_0148_0231_0231.jpg 1 52 148 231 231
0135_0358_0215_0074_0074.jpg 1 358 215 74 74
0136_0173_0135_0229_0229.jpg 1 173 135 229 229
0137_0324_0110_0190_0190.jpg 1 324 110 190 190
0138_0301_0077_0120_0120.jpg 1 301 77 120 120
0139_0220_0252_0146_0146.jpg 1 220 252 146 146
0140_0385_0113_0153_0153.jpg 1 385 113 153 153
0141_0354_0063_0088_0088.jpg 1 354 63 88 88
0142_0093_0021_0256_0256.jpg 1 93 21 256 256
0143_0247_0135_0199_0199.jpg 1 247 135 199 199
0144_0122_0172_0253_0253.jpg 1 122 172 253 253
0145_0103_0047_0288_0288.jpg 1 103 47 288 288
0146_0407_0262_0078_0078.jpg 1 407 262 78 78
0147_0242_0042_0281_0281.jpg 1 242 42 281 281
0148_0180_0065_0287_0287.jpg 1 180 65 287 287
0149_0270_0170_0230_0230.jpg 1 270 170 230 230
0150_0393_0104_0067_0067.jpg 1 393 104 67 67
0151_0300_0342_0063_0063.jpg 1 300 342 63 63
0152_0111_0215_0173_0173.jpg 1 111 215 173 173
0153_0297_0213_0066_0066.jpg 1 297 213 66 66
0154_0279_0086_0280_0280.jpg 1 279 86 280 280
0155_0273_0044_0087_0087.jpg 1 273 44 87 87
0156_0282_0260_0110_0110.jpg 1 282 260 110 110
0157_0306_0028_0225_0225.jpg 1 306 28 225 225
0158_0137_0191_0235_0235.jpg 1 137 191 235 235
0159_0151_0048_0280_0280.jpg 1 151 48 280 280
0160_0211_0164_0166_0166.jpg 1 211 164 166 166
0161_0203_0083_0261_0261.jpg 1 203 83 261 261
0162_0187_0230_0086_0086.jpg 1 187 230 86 86
0163_0222_0044_0223_0223.jpg 1 222 44 223 223
0164_0133_0096_0272_0272.jpg 1 133 96 272 272
0165_0044_0071_0312_0312.jpg 1 44 71 312 312
0166_0263_0032_0176_0176.jpg 1 263 32 176 176
0167_0217_0199_0220_0220.jpg 1 217 199 220 220
0168_0062_0061_0244_0244.jpg 1 62 61 244 244
0169_0295_0239_0106_0106.jpg 1 295 239 106 106
0170_0153_0095_0196_0196.jpg 1 153 95 196 196
0171_0377_0182_0098_0098.jpg 1 377 182 98 98
0172_0337_0060_0146_0146.jpg 1 337 60 146 146
0173_0400_0210_0131_0131.jpg 1 400 210 131 131
0174_0178_0123_0296_0296.jpg 1 178 123 296 296
0175_0073_0100_0182_0182.jpg 1 73 100 182 182
0176_0389_0074_0122_0122.jpg 1 389 74 122 122
0177_0342_0282_0045_0045.jpg 1 342 282 45 45
0178_0169_0234_0135_0135.jpg 1 169 234 135 135
0179_0202_0268_0143_0143.jpg 1 202 268 143 143
0180_0253_0228_0089_0089.jpg 1 253 228 89 89
0181_0121_0083_0259_0259.jpg 1 121 83 259 259
0182_0242_0114_0046_0046.jpg 1 242 114 46 46
0183_0098_0154_0029_0029.jpg 1 98 154 29 29
0184_0158_0066_0028_0028.jpg 1 158 66 28 28
0185_0095_0189_0175_0175.jpg 1 95 189 175 175
0186_0310_0186_0026_0026.jpg 1 310 186 26 26
0187_0174_0028_0313_0313.jpg 1 174 28 313 313
0188_0213_0072_0137_0137.jpg 1 213 72 137 137
0189_0215_0082_0162_0162.jpg 1 215 82 162 162
0190_0179_0058_0301_0301.jpg 1 179 58 301 301
0191_0077_0164_0166_0166.jpg 1 77 164 166 166
0192_0158_0118_0163_0163.jpg 1 158 118 163 163
0193_0458_0182_0071_0071.jpg 1 458 182 71 71
0194_0320_0093_0232_0232.jpg 1 320 93 232 232
0195_0328_0160_0144_0144.jpg 1 328 160 144 144
0196_0239_0279_0069_0069.jpg 1 239 279 69 69
0197_0352_0179_0133_0133.jpg 1 352 179 133 133
0198_0036_0069_0253_0253.jpg 1 36 69 253 253
0199_0147_0139_0241_0241.jpg 1 147 139 241 241
0200_0112_0209_0197_0197.jpg 1 112 209 197 197
