0001_0292_0141_0193_0193.jpg 1 292 141 193 193
0002_0224_0153_0088_0088.jpg 1 224 153 88 88
0003_0227_0071_0073_0073.jpg 1 227 71 73 73
0004_0067_0248_0092_0092.jpg 1 67 248 92 92
0005_0320_0193_0170_0170.jpg 1 320 193 170 170
0006_0201_0092_0250_0250.jpg 1 201 92 250 250
0007_0488_0259_0027_0027.jpg 1 488 259 27 27
0008_0321_0234_0138_0138.jpg 1 321 234 138 138
0009_0082_0048_0202_0202.jpg 1 82 48 202 202
0010_0187_0180_0200_0200.jpg 1 187 180 200 200
0011_0142_0167_0056_0056.jpg 1 142 167 56 56
0012_0246_0234_0107_0107.jpg 1 246 234 107 107
0013_0210_0077_0229_0229.jpg 1 210 77 229 229
0014_0142_0282_0064_0064.jpg 1 142 282 64 64
0015_0072_0066_0066_0066.jpg 1 72 66 66 66
0016_0176_0170_0163_0163.jpg 1 176 170 163 163
0017_0064_0253_0054_0054.jpg 1 64 253 54 54
0018_0245_0049_0230_0230.jpg 1 245 49 230 230
0019_0228_0029_0287_0287.jpg 1 228 29 287 287
0020_0031_0118_0304_0304.jpg 1 31 118 304 304
0021_0341_0162_0172_0172.jpg 1 341 162 172 172
0022_0142_0154_0258_0258.jpg 1 142 154 258 258
0023_0263_0077_0158_0158.jpg 1 263 77 158 158
0024_0084_0162_0269_0269.jpg 1 84 162 269 269
0025_0155_0110_0231_0231.jpg 1 155 110 231 231
0026_0346_0057_0121_0121.jpg 1 346 57 121 121
0027_0216_0175_0128_0128.jpg 1 216 175 128 128
0028_0266_0049_0240_0240.jpg 1 266 49 240 240
0029_0137_0177_0153_0153.jpg 1 137 177 153 153
0030_0070_0056_0258_0258.jpg 1 70 56 258 258
0031_0214_0071_0279_0279.jpg 1 214 71 279 279
0032_0119_0078_0249_0249.jpg 1 119 78 249 249
0033_0075_0023_0279_0279.jpg 1 75 23 279 279
0034_0035_0053_0271_0271.jpg 1 35 53 271 271
0035_0189_0082_0262_0262.jpg 1 189 82 262 262
0036_0188_0126_0133_0133.jpg 1 188 126 133 133
0037_0294_0305_0063_0063.jpg 1 294 305 63 63
0038_0184_0088_0202_0202.jpg 1 184 88 202 202
0039_0230_0161_0246_0246.jpg 1 230 161 246 246
0040_0065_0038_0102_0102.jpg 1 65 38 102 102
0041_0142_0084_0306_0306.jpg 1 142 84 306 306
0042_0239_0118_0161_0161.jpg 1 239 118 161 161
0043_0161_0234_0075_0075.jpg 1 161 234 75 75
0044_0065_0112_0235_0235.jpg 1 65 112 235 235
0045_0075_0158_0144_0144.jpg 1 75 158 144 144
0046_0139_0132_0180_0180.jpg 1 139 132 180 180
0047_0238_0252_0039_0039.jpg 1 238 252 39 39
0048_0229_0034_0309_0309.jpg 1 229 34 309 309
0049_0073_0088_0273_0273.jpg 1 73 88 273 273
0050_0450_0227_0032_0032.jpg 1 450 227 32 32
0051_0217_0044_0077_0077.jpg 1 217 44 77 77
0052_0285_0233_0181_0181.jpg 1 285 233 181 181
0053_0262_0127_0172_0172.jpg 1 262 127 172 172
0054_0360_0076_0143_0143.jpg 1 360 76 143 143
0055_0273_0048_0127_0127.jpg 1 273 48 127 127
0056_0229_0331_0052_0052.jpg 1 229 331 52 52
0057_0155_0083_0187_0187.jpg 1 155 83 187 187
0058_0175_0234_0188_0188.jpg 1 175 234 188 188
0059_0106_0111_0210_0210.jpg 1 106 111 210 210
0060_0113_0211_0117_0117.jpg 1 113 211 117 117
0061_0290_0100_0220_0220.jpg 1 290 100 220 220
0062_0149_0054_0303_0303.jpg 1 149 54 303 303
0063_0285_0074_0200_0200.jpg 1 285 74 200 200
0064_0237_0142_0090_0090.jpg 1 237 142 90 90
0065_0274_0060_0173_0173.jpg 1 274 60 173 173
0066_0108_0151_0181_0181.jpg 1 108 151 181 181
0067_0189_0209_0061_0061.jpg 1 189 209 61 61
0068_0298_0099_0064_0064.jpg 1 298 99 64 64
0069_0228_0061_0291_0291.jpg 1 228 61 291 291
0070_0226_0036_0119_0119.jpg 1 226 36 119 119
0071_0097_0159_0253_0253.jpg 1 97 159 253 253
0072_0481_0268_0058_0058.jpg 1 481 268 58 58
0073_0085_0190_0192_0192.jpg 1 85 190 192 192
0074_0030_0056_0303_0303.jpg 1 30 56 303 303
0075_0115_0089_0164_0164.jpg 1 115 89 164 164
0076_0202_0082_0283_0283.jpg 1 202 82 283 283
0077_0230_0124_0248_0248.jpg 1 230 124 248 248
0078_0120_0150_0192_0192.jpg 1 120 150 192 192
0079_0373_0094_0081_0081.jpg 1 373 94 81 81
0080_0243_0104_0092_0092.jpg 1 243 104 92 92
0081_0280_0076_0245_0245.jpg 1 280 76 245 245
0082_0232_0102_0259_0259.jpg 1 232 102 259 259
0083_0343_0332_0064_0064.jpg 1 343 332 64 64
0084_0220_0031_0267_0267.jpg 1 220 31 267 267
0085_0396_0251_0107_0107.jpg 1 396 251 107 107
0086_0175_0089_0274_0274.jpg 1 175 89 274 274
0087_0322_0126_0226_0226.jpg 1 322 126 226 226
0088_0440_0285_0057_0057.jpg 1 440 285 57 57
0089_0198_0169_0112_0112.jpg 1 198 169 112 112
0090_0050_0109_0303_0303.jpg 1 50 109 303 303
0091_0235_0128_0264_0264.jpg 1 235 128 264 264
0092_0179_0088_0115_0115.jpg 1 179 88 115 115
0093_0343_0066_0142_0142.jpg 1 343 66 142 142
0094_0139_0048_0208_0208.jpg 1 139 48 208 208
0095_0255_0126_0221_0221.jpg 1 255 126 221 221
0096_0208_0157_0263_0263.jpg 1 208 157 263 263
0097_0050_0032_0126_0126.jpg 1 50 32 126 126
0098_0295_0165_0060_0060.jpg 1 295 165 60 60
0099_0282_0338_0048_0048.jpg 1 282 338 48 48
0100_0263_0040_0249_0249.jpg 1 263 40 249 249
0101_0202_0277_0113_0113.jpg 1 202 277 113 113
0102_0289_0138_0042_0042.jpg 1 289 138 42 42
0103_0126_0191_0161_0161.jpg 1 126 191 161 161
0104_0054_0108_0264_0264.jpg 1 54 108 264 264
0105_0213_0051_0055_0055.jpg 1 213 51 55 55
0106_0187_0128_0269_0269.jpg 1 187 128 269 269
0107_0073_0048_0295_0295.jpg 1 73 48 295 295
0108_0228_0095_0269_0269.jpg 1 228 95 269 269
0109_0230_0264_0068_0068.jpg 1 230 264 68 68
0110_0362_0191_0175_0175.jpg 1 362 191 175 175
0111_0254_0133_0119_0119.jpg 1 254 133 119 119
0112_0412_0356_0035_0035.jpg 1 412 356 35 35
0113_0188_0124_0288_0288.jpg 1 188 124 288 288
0114_0084_0097_0251_0251.jpg 1 84 97 251 251
0115_0308_0165_0055_0055.jpg 1 308 165 55 55
0116_0132_0045_0295_0295.jpg 1 132 45 295 295
0117_0313_0161_0101_0101.jpg 1 313 161 101 101
0118_0242_0121_0092_0092.jpg 1 242 121 92 92
0119_0055_0229_0167_0167.jpg 1 55 229 167 167
0120_0212_0045_0026_0026.jpg 1 212 45 26 26
0121_0266_0057_0059_0059.jpg 1 266 57 59 59
0122_0248_0122_0254_0254.jpg 1 248 122 254 254
0123_0384_0242_0109_0109.jpg 1 384 242 109 109
0124_0150_0083_0286_0286.jpg 1 150 83 286 286
0125_0367_0068_0136_0136.jpg 1 367 68 136 136
0126_0126_0243_0104_0104.jpg 1 126 243 104 104
0127_0134_0025_0271_0271.jpg 1 134 25 271 271
0128_0436_0084_0096_0096.jpg 1 436 84 96 96
0129_0300_0168_0253_0253.jpg 1 300 168 253 253
0130_0374_0199_0124_0124.jpg 1 374 199 124 124
0131_0100_0158_0025_0025.jpg 1 100 158 25 25
0132_0315_0241_0093_0093.jpg 1 315 241 93 93
0133_0403_0095_0146_0146.jpg 1 403 95 146 146
0134_0316_0216_0062_0062.jpg 1 316 216 62 62
0135_0463_0146_0069_0069.jpg 1 463 146 69 69
0136_0171_0049_0155_0155.jpg 1 171 49 155 155
0137_0082_0037_0211_0211.jpg 1 82 37 211 211
0138_0328_0195_0209_0209.jpg 1 328 195 209 209
0139_0399_0108_0132_0132.jpg 1 399 108 132 132
0140_0239_0115_0308_0308.jpg 1 239 115 308 308
0141_0365_0044_0109_0109.jpg 1 365 44 109 109
0142_0303_0074_0122_0122.jpg 1 303 74 122 122
0143_0430_0182_0075_0075.jpg 1 430 182 75 75
0144_0075_0055_0268_0268.jpg 1 75 55 268 268
0145_0132_0069_0159_0159.jpg 1 132 69 159 159
0146_0102_0101_0030_0030.jpg 1 102 101 30 30
0147_0135_0278_0066_0066.jpg 1 135 278 66 66
0148_0230_0113_0273_0273.jpg 1 230 113 273 273
0149_0239_0084_0244_0244.jpg 1 239 84 244 244
0150_0393_0227_0043_0043.jpg 1 393 227 43 43
0151_0156_0127_0285_0285.jpg 1 156 127 285 285
0152_0068_0098_0239_0239.jpg 1 68 98 239 239
0153_0164_0144_0213_0213.jpg 1 164 144 213 213
0154_0318_0355_0055_0055.jpg 1 318 355 55 55
0155_0061_0109_0105_0105.jpg 1 61 109 105 105
0156_0191_0191_0234_0234.jpg 1 191 191 234 234
0157_0093_0120_0116_0116.jpg 1 93 120 116 116
0158_0341_0076_0195_0195.jpg 1 341 76 195 195
0159_0469_0327_0072_0072.jpg 1 469 327 72 72
0160_0176_0043_0263_0263.jpg 1 176 43 263 263
0161_0298_0054_0143_0143.jpg 1 298 54 143 143
0162_0473_0279_0052_0052.jpg 1 473 279 52 52
0163_0251_0127_0185_0185.jpg 1 251 127 185 185
0164_0038_0083_0238_0238.jpg 1 38 83 238 238
0165_0480_0314_0030_0030.jpg 1 480 314 30 30
0166_0190_0110_0201_0201.jpg 1 190 110 201 201
0167_0088_0044_0180_0180.jpg 1 88 44 180 180
0168_0324_0088_0109_0109.jpg 1 324 88 109 109
0169_0126_0267_0142_0142.jpg 1 126 267 142 142
0170_0053_0181_0092_0092.jpg 1 53 181 92 92
0171_0249_0188_0204_0204.jpg 1 249 188 204 204
0172_0291_0353_0054_0054.jpg 1 291 353 54 54
0173_0289_0046_0241_0241.jpg 1 289 46 241 241
0174_0264_0065_0215_0215.jpg 1 264 65 215 215
0175_0102_0120_0186_0186.jpg 1 102 120 186 186
0176_0238_0091_0311_0311.jpg 1 238 91 311 311
0177_0414_0085_0090_0090.jpg 1 414 85 90 90
0178_0223_0108_0279_0279.jpg 1 223 108 279 279
0179_0157_0140_0106_0106.jpg 1 157 140 106 106
0180_0168_0107_0117_0117.jpg 1 168 107 117 117
0181_0209_0177_0186_0186.jpg 1 209 177 186 186
0182_0384_0131_0124_0124.jpg 1 384 131 124 124
0183_0064_0042_0288_0288.jpg 1 64 42 288 288
0184_0072_0080_0310_0310.jpg 1 72 80 310 310
0185_0379_0181_0130_0130.jpg 1 379 181 130 130
0186_0216_0048_0185_0185.jpg 1 216 48 185 185
0187_0146_0069_0275_0275.jpg 1 146 69 275 275
0188_0109_0177_0194_0194.jpg 1 109 177 194 194
0189_0411_0122_0104_0104.jpg 1 411 122 104 104
0190_0272_0236_0126_0126.jpg 1 272 236 126 126
0191_0088_0022_0269_0269.jpg 1 88 22 269 269
0192_0365_0203_0120_0120.jpg 1 365 203 120 120
0193_0110_0132_0151_0151.jpg 1 110 132 151 151
0194_0228_0139_0116_0116.jpg 1 228 139 116 116
0195_0229_0364_0041_0041.jpg 1 229 364 41 41
0196_0257_0182_0190_0190.jpg 1 257 182 190 190
0197_0204_0091_0122_0122.jpg 1 204 91 122 122
0198_0119_0054_0281_0281.jpg 1 119 54 281 281
0199_0132_0053_0059_0059.jpg 1 132 53 59 59
0200_0140_0123_0303_0303.jpg 1 140 123 303 303
