0001_0240_0028_0194_0194.jpg 1 240 28 194 194
0002_0178_0035_0311_0311.jpg 1 178 35 311 311
0003_0134_0204_0103_0103.jpg 1 134 204 103 103
0004_0155_0042_0283_0283.jpg 1 155 42 283 283
0005_0221_0215_0151_0151.jpg 1 221 215 151 151
0006_0313_0268_0033_0033.jpg 1 313 268 33 33
0007_0163_0154_0150_0150.jpg 1 163 154 150 150
0008_0197_0066_0309_0309.jpg 1 197 66 309 309
0009_0272_0054_0251_0251.jpg 1 272 54 251 251
0010_0294_0299_0050_0050.jpg 1 294 299 50 50
0011_0316_0190_0151_0151.jpg 1 316 190 151 151
0012_0137_0053_0300_0300.jpg 1 137 53 300 300
0013_0308_0218_0142_0142.jpg 1 308 218 142 142
0014_0141_0287_0126_0126.jpg 1 141 287 126 126
0015_0132_0265_0078_0078.jpg 1 132 265 78 78
0016_0226_0096_0259_0259.jpg 1 226 96 259 259
0017_0188_0176_0111_0111.jpg 1 188 176 111 111
0018_0042_0026_0292_0292.jpg 1 42 26 292 292
0019_0350_0057_0202_0202.jpg 1 350 57 202 202
0020_0155_0037_0288_0288.jpg 1 155 37 288 288
0021_0436_0108_0108_0108.jpg 1 436 108 108 108
0022_0284_0101_0034_0034.jpg 1 284 101 34 34
0023_0178_0203_0176_0176.jpg 1 178 203 176 176
0024_0085_0166_0036_0036.jpg 1 85 166 36 36
0025_0143_0227_0137_0137.jpg 1 143 227 137 137
0026_0101_0230_0149_0149.jpg 1 101 230 149 149
0027_0427_0184_0110_0110.jpg 1 427 184 110 110
0028_0185_0058_0217_0217.jpg 1 185 58 217 217
0029_0081_0086_0313_0313.jpg 1 81 86 313 313
0030_0126_0198_0227_0227.jpg 1 126 198 227 227
0031_0048_0137_0263_0263.jpg 1 48 137 263 263
0032_0095_0074_0191_0191.jpg 1 95 74 191 191
0033_0055_0067_0266_0266.jpg 1 55 67 266 266
0034_0271_0151_0179_0179.jpg 1 271 151 179 179
0035_0284_0062_0106_0106.jpg 1 284 62 106 106
0036_0254_0053_0237_0237.jpg 1 254 53 237 237
0037_0328_0230_0141_0141.jpg 1 328 230 141 141
0038_0130_0068_0198_0198.jpg 1 130 68 198 198
0039_0200_0081_0295_0295.jpg 1 200 81 295 295
0040_0395_0165_0140_0140.jpg 1 395 165 140 140
0041_0229_0092_0246_0246.jpg 1 229 92 246 246
0042_0283_0306_0088_0088.jpg 1 283 306 88 88
0043_0104_0156_0077_0077.jpg 1 104 156 77 77
0044_0388_0136_0046_0046.jpg 1 388 136 46 46
0045_0133_0173_0256_0256.jpg 1 133 173 256 256
0046_0385_0160_0102_0102.jpg 1 385 160 102 102
0047_0242_0090_0195_0195.jpg 1 242 90 195 195
0048_0206_0052_0247_0247.jpg 1 206 52 247 247
0049_0264_0039_0289_0289.jpg 1 264 39 289 289
0050_0310_0083_0126_0126.jpg 1 310 83 126 126
0051_0313_0077_0238_0238.jpg 1 313 77 238 238
0052_0440_0061_0100_0100.jpg 1 440 61 100 100
0053_0277_0050_0077_0077.jpg 1 277 50 77 77
0054_0364_0197_0064_0064.jpg 1 364 197 64 64
0055_0397_0262_0141_0141.jpg 1 397 262 141 141
0056_0162_0071_0270_0270.jpg 1 162 71 270 270
0057_0249_0023_0259_0259.jpg 1 249 23 259 259
0058_0128_0062_0245_0245.jpg 1 128 62 245 245
0059_0083_0091_0231_0231.jpg 1 83 91 231 231
0060_0073_0056_0117_0117.jpg 1 73 56 117 117
0061_0162_0324_0075_0075.jpg 1 162 324 75 75
0062_0110_0151_0239_0239.jpg 1 110 151 239 239
0063_0294_0067_0165_0165.jpg 1 294 67 165 165
0064_0351_0043_0152_0152.jpg 1 351 43 152 152
0065_0217_0171_0151_0151.jpg 1 217 171 151 151
0066_0257_0096_0307_0307.jpg 1 257 96 307 307
0067_0235_0124_0277_0277.jpg 1 235 124 277 277
0068_0352_0240_0178_0178.jpg 1 352 240 178 178
0069_0352_0304_0090_0090.jpg 1 352 304 90 90
0070_0280_0099_0211_0211.jpg 1 280 99 211 211
0071_0101_0071_0111_0111.jpg 1 101 71 111 111
0072_0305_0149_0226_0226.jpg 1 305 149 226 226
0073_0126_0108_0285_0285.jpg 1 126 108 285 285
0074_0329_0338_0053_0053.jpg 1 329 338 53 53
0075_0187_0231_0180_0180.jpg 1 187 231 180 180
0076_0253_0149_0245_0245.jpg 1 253 149 245 245
0077_0198_0116_0040_0040.jpg 1 198 116 40 40
0078_0466_0216_0072_0072.jpg 1 466 216 72 72
0079_0310_0161_0222_0222.jpg 1 310 161 222 222
0080_0264_0080_0287_0287.jpg 1 264 80 287 287
0081_0320_0276_0091_0091.jpg 1 320 276 91 91
0082_0189_0342_0026_0026.jpg 1 189 342 26 26
0083_0255_0256_0028_0028.jpg 1 255 256 28 28
0084_0258_0129_0139_0139.jpg 1 258 129 139 139
0085_0104_0164_0242_0242.jpg 1 104 164 242 242
0086_0290_0038_0091_0091.jpg 1 290 38 91 91
0087_0211_0088_0279_0279.jpg 1 211 88 279 279
0088_0055_0197_0185_0185.jpg 1 55 197 185 185
0089_0064_0081_0302_0302.jpg 1 64 81 302 302
0090_0145_0135_0284_0284.jpg 1 145 135 284 284
0091_0297_0249_0081_0081.jpg 1 297 249 81 81
0092_0487_0269_0047_0047.jpg 1 487 269 47 47
0093_0140_0086_0097_0097.jpg 1 140 86 97 97
0094_0263_0144_0190_0190.jpg 1 263 144 190 190
0095_0081_0066_0275_0275.jpg 1 81 66 275 275
0096_0207_0063_0292_0292.jpg 1 207 63 292 292
0097_0400_0176_0135_0135.jpg 1 400 176 135 135
0098_0041_0216_0197_0197.jpg 1 41 216 197 197
0099_0306_0218_0045_0045.jpg 1 306 218 45 45
0100_0319_0040_0108_0108.jpg 1 319 40 108 108
0101_0237_0093_0194_0194.jpg 1 237 93 194 194
0102_0046_0078_0231_0231.jpg 1 46 78 231 231
0103_0224_0058_0296_0296.jpg 1 224 58 296 296
0104_0184_0188_0081_0081.jpg 1 184 188 81 81
0105_0158_0181_0137_0137.jpg 1 158 181 137 137
0106_0171_0326_0085_0085.jpg 1 171 326 85 85
0107_0151_0030_0297_0297.jpg 1 151 30 297 297
0108_0104_0079_0161_0161.jpg 1 104 79 161 161
0109_0395_0163_0073_0073.jpg 1 395 163 73 73
0110_0244_0083_0285_0285.jpg 1 244 83 285 285
0111_0419_0274_0122_0122.jpg 1 419 274 122 122
0112_0055_0122_0220_0220.jpg 1 55 122 220 220
0113_0300_0170_0213_0213.jpg 1 300 170 213 213
0114_0257_0230_0114_0114.jpg 1 257 230 114 114
0115_0208_0156_0045_0045.jpg 1 208 156 45 45
0116_0239_0103_0142_0142.jpg 1 239 103 142 142
0117_0304_0141_0071_0071.jpg 1 304 141 71 71
0118_0193_0167_0185_0185.jpg 1 193 167 185 185
0119_0205_0207_0218_0218.jpg 1 205 207 218 218
0120_0294_0170_0232_0232.jpg 1 294 170 232 232
0121_0186_0174_0065_0065.jpg 1 186 174 65 65
0122_0383_0080_0093_0093.jpg 1 383 80 93 93
0123_0215_0130_0252_0252.jpg 1 215 130 252 252
0124_0279_0068_0108_0108.jpg 1 279 68 108 108
0125_0186_0275_0069_0069.jpg 1 186 275 69 69
0126_0415_0092_0082_0082.jpg 1 415 92 82 82
0127_0053_0169_0204_0204.jpg 1 53 169 204 204
0128_0381_0297_0086_0086.jpg 1 381 297 86 86
0129_0138_0122_0118_0118.jpg 1 138 122 118 118
0130_0181_0291_0024_0024.jpg 1 181 291 24 24
0131_0384_0272_0136_0136.jpg 1 384 272 136 136
0132_0093_0121_0090_0090.jpg 1 93 121 90 90
0133_0381_0157_0131_0131.jpg 1 381 157 131 131
0134_0089_0049_0247_0247.jpg 1 89 49 247 247
0135_0131_0091_0311_0311.jpg 1 131 91 311 311
0136_0153_0135_0287_0287.jpg 1 153 135 287 287
0137_0275_0308_0054_0054.jpg 1 275 308 54 54
0138_0056_0146_0284_0284.jpg 1 56 146 284 284
0139_0270_0106_0299_0299.jpg 1 270 106 299 299
0140_0222_0230_0150_0150.jpg 1 222 230 150 150
0141_0097_0083_0274_0274.jpg 1 97 83 274 274
0142_0069_0062_0209_0209.jpg 1 69 62 209 209
0143_0129_0085_0290_0290.jpg 1 129 85 290 290
0144_0177_0085_0274_0274.jpg 1 177 85 274 274
0145_0205_0215_0168_0168.jpg 1 205 215 168 168
0146_0280_0280_0061_0061.jpg 1 280 280 61 61
0147_0329_0085_0150_0150.jpg 1 329 85 150 150
0148_0317_0078_0148_0148.jpg 1 317 78 148 148
0149_0240_0095_0172_0172.jpg 1 240 95 172 172
0150_0250_0021_0294_0294.jpg 1 250 21 294 294
0151_0054_0058_0251_0251.jpg 1 54 58 251 251
0152_0219_0044_0248_0248.jpg 1 219 44 248 248
0153_0324_0152_0233_0233.jpg 1 324 152 233 233
0154_0473_0242_0028_0028.jpg 1 473 242 28 28
0155_0233_0025_0306_0306.jpg 1 233 25 306 306
0156_0296_0065_0243_0243.jpg 1 296 65 243 243
0157_0143_0133_0094_0094.jpg 1 143 133 94 94
0158_0280_0128_0181_0181.jpg 1 280 128 181 181
0159_0454_0272_0069_0069.jpg 1 454 272 69 69
0160_0367_0228_0077_0077.jpg 1 367 228 77 77
0161_0110_0171_0058_0058.jpg 1 110 171 58 58
0162_0302_0099_0259_0259.jpg 1 302 99 259 259
0163_0370_0236_0100_0100.jpg 1 370 236 100 100
0164_0411_0265_0046_0046.jpg 1 411 265 46 46
0165_0153_0191_0234_0234.jpg 1 153 191 234 234
0166_0097_0259_0030_0030.jpg 1 97 259 30 30
0167_0254_0237_0171_0171.jpg 1 254 237 171 171
0168_0398_0050_0039_0039.jpg 1 398 50 39 39
0169_0245_0145_0157_0157.jpg 1 245 145 157 157
0170_0379_0065_0064_0064.jpg 1 379 65 64 64
0171_0286_0174_0221_0221.jpg 1 286 174 221 221
0172_0280_0132_0224_0224.jpg 1 280 132 224 224
0173_0143_0090_0216_0216.jpg 1 143 90 216 216
0174_0288_0100_0246_0246.jpg 1 288 100 246 246
0175_0201_0129_0208_0208.jpg 1 201 129 208 208
0176_0203_0125_0135_0135.jpg 1 203 125 135 135
0177_0218_0031_0236_0236.jpg 1 218 31 236 236
0178_0114_0209_0197_0197.jpg 1 114 209 197 197
0179_0262_0036_0294_0294.jpg 1 262 36 294 294
0180_0235_0126_0289_0289.jpg 1 235 126 289 289
0181_0210_0137_0268_0268.jpg 1 210 137 268 268
0182_0317_0060_0037_0037.jpg 1 317 60 37 37
0183_0202_0169_0245_0245.jpg 1 202 169 245 245
0184_0281_0153_0275_0275.jpg 1 281 153 275 275
0185_0280_0221_0033_0033.jpg 1 280 221 33 33
0186_0048_0076_0224_0224.jpg 1 48 76 224 224
0187_0184_0162_0260_0260.jpg 1 184 162 260 260
0188_0191_0069_0139_0139.jpg 1 191 69 139 139
0189_0229_0175_0220_0220.jpg 1 229 175 220 220
0190_0095_0072_0142_0142.jpg 1 95 72 142 142
0191_0252_0087_0071_0071.jpg 1 252 87 71 71
0192_0115_0200_0218_0218.jpg 1 115 200 218 218
0193_0216_0065_0311_0311.jpg 1 216 65 311 311
0194_0259_0051_0237_0237.jpg 1 259 51 237 237
0195_0253_0113_0092_0092.jpg 1 253 113 92 92
0196_0078_0169_0229_0229.jpg 1 78 169 229 229
0197_0261_0171_0179_0179.jpg 1 261 171 179 179
0198_0132_0044_0257_0257.jpg 1 132 44 257 257
0199_0237_0034_0227_0227.jpg 1 237 34 227 227
0200_0379_0173_0098_0098.jpg 1 379 173 98 98
