0001_0093_0043_0262_0262.jpg 1 93 43 262 262
0002_0089_0248_0078_0078.jpg 1 89 248 78 78
0003_0151_0266_0046_0046.jpg 1 151 266 46 46
0004_0458_0308_0049_0049.jpg 1 458 308 49 49
0005_0089_0209_0046_0046.jpg 1 89 209 46 46
0006_0234_0051_0294_0294.jpg 1 234 51 294 294
0007_0369_0256_0151_0151.jpg 1 369 256 151 151
0008_0092_0103_0086_0086.jpg 1 92 103 86 86
0009_0180_0161_0142_0142.jpg 1 180 161 142 142
0010_0133_0184_0216_0216.jpg 1 133 184 216 216
0011_0089_0045_0214_0214.jpg 1 89 45 214 214
0012_0241_0206_0211_0211.jpg 1 241 206 211 211
0013_0172_0013_0312_0312.jpg 1 172 13 312 312
0014_0133_0129_0237_0237.jpg 1 133 129 237 237
0015_0443_0089_0042_0042.jpg 1 443 89 42 42
0016_0136_0143_0221_0221.jpg 1 136 143 221 221
0017_0151_0186_0131_0131.jpg 1 151 186 131 131
0018_0142_0136_0172_0172.jpg 1 142 136 172 172
0019_0096_0029_0312_0312.jpg 1 96 29 312 312
0020_0157_0084_0308_0308.jpg 1 157 84 308 308
0021_0345_0221_0199_0199.jpg 1 345 221 199 199
0022_0424_0226_0060_0060.jpg 1 424 226 60 60
0023_0171_0058_0141_0141.jpg 1 171 58 141 141
0024_0242_0197_0039_0039.jpg 1 242 197 39 39
0025_0185_0164_0196_0196.jpg 1 185 164 196 196
0026_0288_0135_0062_0062.jpg 1 288 135 62 62
0027_0133_0079_0237_0237.jpg 1 133 79 237 237
0028_0228_0030_0314_0314.jpg 1 228 30 314 314
0029_0205_0123_0307_0307.jpg 1 205 123 307 307
0030_0282_0106_0209_0209.jpg 1 282 106 209 209
0031_0495_0196_0045_0045.jpg 1 495 196 45 45
0032_0125_0201_0143_0143.jpg 1 125 201 143 143
0033_0142_0043_0252_0252.jpg 1 142 43 252 252
0034_0341_0226_0053_0053.jpg 1 341 226 53 53
0035_0145_0091_0305_0305.jpg 1 145 91 305 305
0036_0281_0136_0134_0134.jpg 1 281 136 134 134
0037_0188_0199_0194_0194.jpg 1 188 199 194 194
0038_0088_0244_0089_0089.jpg 1 88 244 89 89
0039_0112_0050_0266_0266.jpg 1 112 50 266 266
0040_0272_0077_0115_0115.jpg 1 272 77 115 115
0041_0170_0047_0254_0254.jpg 1 170 47 254 254
0042_0071_0102_0047_0047.jpg 1 71 102 47 47
0043_0095_0149_0076_0076.jpg 1 95 149 76 76
0044_0056_0165_0239_0239.jpg 1 56 165 239 239
0045_0175_0090_0240_0240.jpg 1 175 90 240 240
0046_0113_0132_0247_0247.jpg 1 113 132 247 247
0047_0251_0073_0289_0289.jpg 1 251 73 289 289
0048_0063_0152_0192_0192.jpg 1 63 152 192 192
0049_0184_0244_0172_0172.jpg 1 184 244 172 172
0050_0249_0262_0068_0068.jpg 1 249 262 68 68
0051_0180_0290_0098_0098.jpg 1 180 290 98 98
0052_0171_0169_0205_0205.jpg 1 171 169 205 205
0053_0163_0111_0099_0099.jpg 1 163 111 99 99
0054_0093_0101_0242_0242.jpg 1 93 101 242 242
0055_0058_0163_0202_0202.jpg 1 58 163 202 202
0056_0406_0087_0138_0138.jpg 1 406 87 138 138
0057_0309_0190_0060_0060.jpg 1 309 190 60 60
0058_0139_0087_0286_0286.jpg 1 139 87 286 286
0059_0123_0060_0075_0075.jpg 1 123 60 75 75
0060_0070_0112_0218_0218.jpg 1 70 112 218 218
0061_0206_0171_0183_0183.jpg 1 206 171 183 183
0062_0469_0251_0064_0064.jpg 1 469 251 64 64
0063_0179_0089_0284_0284.jpg 1 179 89 284 284
0064_0303_0226_0034_0034.jpg 1 303 226 34 34
0065_0190_0136_0267_0267.jpg 1 190 136 267 267
0066_0198_0105_0169_0169.jpg 1 198 105 169 169
0067_0140_0082_0092_0092.jpg 1 140 82 92 92
0068_0086_0110_0195_0195.jpg 1 86 110 195 195
0069_0067_0165_0029_0029.jpg 1 67 165 29 29
0070_0341_0355_0039_0039.jpg 1 341 355 39 39
0071_0092_0148_0114_0114.jpg 1 92 148 114 114
0072_0279_0134_0258_0258.jpg 1 279 134 258 258
0073_0174_0116_0196_0196.jpg 1 174 116 196 196
0074_0095_0206_0150_0150.jpg 1 95 206 150 150
0075_0302_0279_0101_0101.jpg 1 302 279 101 101
0076_0037_0103_0228_0228.jpg 1 37 103 228 228
0077_0170_0214_0190_0190.jpg 1 170 214 190 190
0078_0193_0117_0289_0289.jpg 1 193 117 289 289
0079_0166_0205_0057_0057.jpg 1 166 205 57 57
0080_0188_0276_0129_0129.jpg 1 188 276 129 129
0081_0344_0232_0189_0189.jpg 1 344 232 189 189
0082_0104_0126_0172_0172.jpg 1 104 126 172 172
0083_0109_0028_0308_0308.jpg 1 109 28 308 308
0084_0092_0073_0208_0208.jpg 1 92 73 208 208
0085_0214_0352_0028_0028.jpg 1 214 352 28 28
0086_0204_0124_0295_0295.jpg 1 204 124 295 295
0087_0070_0060_0253_0253.jpg 1 70 60 253 253
0088_0368_0284_0045_0045.jpg 1 368 284 45 45
0089_0119_0180_0249_0249.jpg 1 119 180 249 249
0090_0112_0196_0143_0143.jpg 1 112 196 143 143
0091_0235_0153_0252_0252.jpg 1 235 153 252 252
0092_0033_0040_0295_0295.jpg 1 33 40 295 295
0093_0323_0056_0218_0218.jpg 1 323 56 218 218
0094_0059_0133_0209_0209.jpg 1 59 133 209 209
0095_0313_0108_0155_0155.jpg 1 313 108 155 155
0096_0394_0195_0155_0155.jpg 1 394 195 155 155
0097_0159_0197_0221_0221.jpg 1 159 197 221 221
0098_0131_0178_0199_0199.jpg 1 131 178 199 199
0099_0230_0109_0242_0242.jpg 1 230 109 242 242
0100_0077_0086_0117_0117.jpg 1 77 86 117 117
0101_0069_0079_0288_0288.jpg 1 69 79 288 288
0102_0248_0058_0295_0295.jpg 1 248 58 295 295
0103_0252_0103_0121_0121.jpg 1 252 103 121 121
0104_0397_0132_0122_0122.jpg 1 397 132 122 122
0105_0086_0182_0139_0139.jpg 1 86 182 139 139
0106_0142_0034_0260_0260.jpg 1 142 34 260 260
0107_0054_0098_0230_0230.jpg 1 54 98 230 230
0108_0358_0196_0110_0110.jpg 1 358 196 110 110
0109_0343_0146_0161_0161.jpg 1 343 146 161 161
0110_0205_0300_0049_0049.jpg 1 205 300 49 49
0111_0360_0247_0109_0109.jpg 1 360 247 109 109
0112_0158_0085_0048_0048.jpg 1 158 85 48 48
0113_0124_0104_0237_0237.jpg 1 124 104 237 237
0114_0307_0159_0038_0038.jpg 1 307 159 38 38
0115_0189_0059_0296_0296.jpg 1 189 59 296 296
0116_0239_0136_0257_0257.jpg 1 239 136 257 257
0117_0202_0037_0213_0213.jpg 1 202 37 213 213
0118_0361_0284_0077_0077.jpg 1 361 284 77 77
0119_0318_0163_0145_0145.jpg 1 318 163 145 145
0120_0365_0217_0106_0106.jpg 1 365 217 106 106
0121_0497_0195_0032_0032.jpg 1 497 195 32 32
0122_0040_0093_0296_0296.jpg 1 40 93 296 296
0123_0179_0237_0036_0036.jpg 1 179 237 36 36
0124_0129_0218_0125_0125.jpg 1 129 218 125 125
0125_0203_0112_0247_0247.jpg 1 203 112 247 247
0126_0408_0053_0130_0130.jpg 1 408 53 130 130
0127_0195_0065_0037_0037.jpg 1 195 65 37 37
0128_0448_0297_0074_0074.jpg 1 448 297 74 74
0129_0434_0195_0038_0038.jpg 1 434 195 38 38
0130_0228_0101_0151_0151.jpg 1 228 101 151 151
0131_0074_0066_0135_0135.jpg 1 74 66 135 135
0132_0097_0196_0189_0189.jpg 1 97 196 189 189
0133_0171_0245_0062_0062.jpg 1 171 245 62 62
0134_0110_0174_0247_0247.jpg 1 110 174 247 247
0135_0148_0172_0251_0251.jpg 1 148 172 251 251
0136_0106_0088_0221_0221.jpg 1 106 88 221 221
0137_0287_0306_0034_0034.jpg 1 287 306 34 34
0138_0230_0123_0065_0065.jpg 1 230 123 65 65
0139_0139_0249_0080_0080.jpg 1 139 249 80 80
0140_0228_0077_0224_0224.jpg 1 228 77 224 224
0141_0155_0022_0248_0248.jpg 1 155 22 248 248
0142_0055_0076_0293_0293.jpg 1 55 76 293 293
0143_0059_0072_0188_0188.jpg 1 59 72 188 188
0144_0310_0263_0141_0141.jpg 1 310 263 141 141
0145_0301_0169_0083_0083.jpg 1 301 169 83 83
0146_0170_0074_0296_0296.jpg 1 170 74 296 296
0147_0211_0118_0296_0296.jpg 1 211 118 296 296
0148_0078_0023_0251_0251.jpg 1 78 23 251 251
0149_0111_0193_0122_0122.jpg 1 111 193 122 122
0150_0209_0188_0081_0081.jpg 1 209 188 81 81
0151_0253_0201_0133_0133.jpg 1 253 201 133 133
0152_0276_0192_0222_0222.jpg 1 276 192 222 222
0153_0266_0140_0138_0138.jpg 1 266 140 138 138
0154_0206_0095_0309_0309.jpg 1 206 95 309 309
0155_0423_0108_0097_0097.jpg 1 423 108 97 97
0156_0171_0119_0265_0265.jpg 1 171 119 265 265
0157_0263_0028_0292_0292.jpg 1 263 28 292 292
0158_0291_0314_0097_0097.jpg 1 291 314 97 97
0159_0125_0138_0163_0163.jpg 1 125 138 163 163
0160_0169_0094_0222_0222.jpg 1 169 94 222 222
0161_0122_0116_0255_0255.jpg 1 122 116 255 255
0162_0251_0071_0259_0259.jpg 1 251 71 259 259
0163_0230_0023_0303_0303.jpg 1 230 23 303 303
0164_0093_0159_0216_0216.jpg 1 93 159 216 216
0165_0203_0102_0184_0184.jpg 1 203 102 184 184
0166_0255_0093_0141_0141.jpg 1 255 93 141 141
0167_0363_0044_0025_0025.jpg 1 363 44 25 25
0168_0155_0111_0218_0218.jpg 1 155 111 218 218
0169_0440_0109_0102_0102.jpg 1 440 109 102 102
0170_0250_0032_0196_0196.jpg 1 250 32 196 196
0171_0158_0183_0187_0187.jpg 1 158 183 187 187
0172_0101_0056_0231_0231.jpg 1 101 56 231 231
0173_0065_0021_0278_0278.jpg 1 65 21 278 278
0174_0264_0034_0235_0235.jpg 1 264 34 235 235
0175_0177_0064_0306_0306.jpg 1 177 64 306 306
0176_0329_0043_0217_0217.jpg 1 329 43 217 217
0177_0379_0246_0138_0138.jpg 1 379 246 138 138
0178_0301_0154_0060_0060.jpg 1 301 154 60 60
0179_0420_0268_0047_0047.jpg 1 420 268 47 47
0180_0413_0148_0137_0137.jpg 1 413 148 137 137
0181_0342_0137_0209_0209.jpg 1 342 137 209 209
0182_0084_0147_0049_0049.jpg 1 84 147 49 49
0183_0067_0028_0262_0262.jpg 1 67 28 262 262
0184_0207_0161_0211_0211.jpg 1 207 161 211 211
0185_0116_0103_0027_0027.jpg 1 116 103 27 27
0186_0199_0053_0297_0297.jpg 1 199 53 297 297
0187_0159_0072_0314_0314.jpg 1 159 72 314 314
0188_0286_0055_0254_0254.jpg 1 286 55 254 254
0189_0135_0114_0167_0167.jpg 1 135 114 167 167
0190_0289_0097_0246_0246.jpg 1 289 97 246 246
0191_0171_0190_0069_0069.jpg 1 171 190 69 69
0192_0148_0177_0129_0129.jpg 1 148 177 129 129
0193_0103_0168_0241_0241.jpg 1 103 168 241 241
0194_0202_0198_0229_0229.jpg 1 202 198 229 229
0195_0168_0193_0214_0214.jpg 1 168 193 214 214
0196_0313_0367_0040_0040.jpg 1 313 367 40 40
0197_0065_0077_0296_0296.jpg 1 65 77 296 296
0198_0393_0053_0124_0124.jpg 1 393 53 124 124
0199_0047_0052_0142_0142.jpg 1 47 52 142 142
0200_0329_0148_0209_0209.jpg 1 329 148 209 209
