0001_0384_0121_0043_0043.jpg 1 384 121 43 43
0002_0306_0122_0097_0097.jpg 1 306 122 97 97
0003_0287_0253_0105_0105.jpg 1 287 253 105 105
0004_0203_0094_0280_0280.jpg 1 203 94 280 280
0005_0077_0100_0238_0238.jpg 1 77 100 238 238
0006_0073_0071_0083_0083.jpg 1 73 71 83 83
0007_0118_0052_0037_0037.jpg 1 118 52 37 37
0008_0257_0117_0250_0250.jpg 1 257 117 250 250
0009_0165_0110_0144_0144.jpg 1 165 110 144 144
0010_0174_0159_0124_0124.jpg 1 174 159 124 124
0011_0100_0068_0038_0038.jpg 1 100 68 38 38
0012_0274_0265_0075_0075.jpg 1 274 265 75 75
0013_0220_0029_0234_0234.jpg 1 220 29 234 234
0014_0250_0319_0067_0067.jpg 1 250 319 67 67
0015_0197_0125_0306_0306.jpg 1 197 125 306 306
0016_0181_0128_0246_0246.jpg 1 181 128 246 246
0017_0265_0248_0168_0168.jpg 1 265 248 168 168
0018_0177_0077_0061_0061.jpg 1 177 77 61 61
0019_0202_0155_0034_0034.jpg 1 202 155 34 34
0020_0341_0209_0155_0155.jpg 1 341 209 155 155
0021_0233_0043_0262_0262.jpg 1 233 43 262 262
0022_0205_0076_0280_0280.jpg 1 205 76 280 280
0023_0243_0089_0202_0202.jpg 1 243 89 202 202
0024_0263_0186_0089_0089.jpg 1 263 186 89 89
0025_0041_0023_0214_0214.jpg 1 41 23 214 214
0026_0146_0119_0219_0219.jpg 1 146 119 219 219
0027_0393_0061_0062_0062.jpg 1 393 61 62 62
0028_0216_0071_0293_0293.jpg 1 216 71 293 293
0029_0184_0252_0032_0032.jpg 1 184 252 32 32
0030_0290_0284_0044_0044.jpg 1 290 284 44 44
0031_0115_0056_0268_0268.jpg 1 115 56 268 268
0032_0071_0153_0037_0037.jpg 1 71 153 37 37
0033_0078_0177_0121_0121.jpg 1 78 177 121 121
0034_0142_0055_0252_0252.jpg 1 142 55 252 252
0035_0239_0186_0166_0166.jpg 1 239 186 166 166
0036_0063_0124_0221_0221.jpg 1 63 124 221 221
0037_0079_0138_0271_0271.jpg 1 79 138 271 271
0038_0411_0101_0046_0046.jpg 1 411 101 46 46
0039_0250_0152_0183_0183.jpg 1 250 152 183 183
0040_0211_0162_0254_0254.jpg 1 211 162 254 254
0041_0191_0147_0173_0173.jpg 1 191 147 173 173
0042_0113_0168_0229_0229.jpg 1 113 168 229 229
0043_0043_0077_0211_0211.jpg 1 43 77 211 211
0044_0177_0058_0209_0209.jpg 1 177 58 209 209
0045_0181_0140_0159_0159.jpg 1 181 140 159 159
0046_0290_0115_0053_0053.jpg 1 290 115 53 53
0047_0231_0139_0241_0241.jpg 1 231 139 241 241
0048_0137_0102_0199_0199.jpg 1 137 102 199 199
0049_0474_0251_0059_0059.jpg 1 474 251 59 59
0050_0297_0041_0244_0244.jpg 1 297 41 244 244
0051_0344_0197_0109_0109.jpg 1 344 197 109 109
0052_0112_0166_0122_0122.jpg 1 112 166 122 122
0053_0135_0087_0111_0111.jpg 1 135 87 111 111
0054_0302_0319_0027_0027.jpg 1 302 319 27 27
0055_0187_0060_0259_0259.jpg 1 187 60 259 259
0056_0214_0148_0197_0197.jpg 1 214 148 197 197
0057_0415_0140_0079_0079.jpg 1 415 140 79 79
0058_0342_0186_0068_0068.jpg 1 342 186 68 68
0059_0102_0140_0216_0216.jpg 1 102 140 216 216
0060_0337_0106_0102_0102.jpg 1 337 106 102 102
0061_0129_0146_0116_0116.jpg 1 129 146 116 116
0062_0061_0038_0205_0205.jpg 1 61 38 205 205
0063_0062_0171_0068_0068.jpg 1 62 171 68 68
0064_0119_0150_0277_0277.jpg 1 119 150 277 277
0065_0188_0123_0222_0222.jpg 1 188 123 222 222
0066_0234_0183_0086_0086.jpg 1 234 183 86 86
0067_0315_0137_0198_0198.jpg 1 315 137 198 198
0068_0247_0183_0151_0151.jpg 1 247 183 151 151
0069_0213_0341_0049_0049.jpg 1 213 341 49 49
0070_0069_0143_0253_0253.jpg 1 69 143 253 253
0071_0058_0058_0070_0070.jpg 1 58 58 70 70
0072_0121_0266_0148_0148.jpg 1 121 266 148 148
0073_0174_0285_0104_0104.jpg 1 174 285 104 104
0074_0190_0125_0236_0236.jpg 1 190 125 236 236
0075_0224_0148_0278_0278.jpg 1 224 148 278 278
0076_0166_0254_0136_0136.jpg 1 166 254 136 136
0077_0304_0241_0036_0036.jpg 1 304 241 36 36
0078_0215_0181_0098_0098.jpg 1 215 181 98 98
0079_0392_0297_0069_0069.jpg 1 392 297 69 69
0080_0233_0216_0059_0059.jpg 1 233 216 59 59
0081_0178_0075_0305_0305.jpg 1 178 75 305 305
0082_0440_0104_0047_0047.jpg 1 440 104 47 47
0083_0357_0116_0099_0099.jpg 1 357 116 99 99
0084_0159_0139_0278_0278.jpg 1 159 139 278 278
0085_0062_0150_0273_0273.jpg 1 62 150 273 273
0086_0308_0135_0180_0180.jpg 1 308 135 180 180
0087_0074_0142_0103_0103.jpg 1 74 142 103 103
0088_0342_0046_0105_0105.jpg 1 342 46 105 105
0089_0053_0129_0241_0241.jpg 1 53 129 241 241
0090_0375_0247_0052_0052.jpg 1 375 247 52 52
0091_0188_0187_0238_0238.jpg 1 188 187 238 238
0092_0424_0111_0065_0065.jpg 1 424 111 65 65
0093_0395_0107_0155_0155.jpg 1 395 107 155 155
0094_0366_0317_0041_0041.jpg 1 366 317 41 41
0095_0170_0120_0165_0165.jpg 1 170 120 165 165
0096_0346_0058_0055_0055.jpg 1 346 58 55 55
0097_0313_0232_0191_0191.jpg 1 313 232 191 191
0098_0224_0092_0223_0223.jpg 1 224 92 223 223
0099_0248_0076_0223_0223.jpg 1 248 76 223 223
0100_0073_0159_0143_0143.jpg 1 73 159 143 143
0101_0203_0062_0290_0290.jpg 1 203 62 290 290
0102_0315_0211_0110_0110.jpg 1 315 211 110 110
0103_0390_0083_0153_0153.jpg 1 390 83 153 153
0104_0104_0112_0179_0179.jpg 1 104 112 179 179
0105_0094_0100_0306_0306.jpg 1 94 100 306 306
0106_0182_0161_0269_0269.jpg 1 182 161 269 269
0107_0124_0122_0171_0171.jpg 1 124 122 171 171
0108_0249_0149_0092_0092.jpg 1 249 149 92 92
0109_0350_0072_0205_0205.jpg 1 350 72 205 205
0110_0212_0152_0254_0254.jpg 1 212 152 254 254
0111_0283_0145_0085_0085.jpg 1 283 145 85 85
0112_0323_0290_0085_0085.jpg 1 323 290 85 85
0113_0273_0244_0048_0048.jpg 1 273 244 48 48
0114_0206_0166_0213_0213.jpg 1 206 166 213 213
0115_0267_0049_0130_0130.jpg 1 267 49 130 130
0116_0265_0106_0077_0077.jpg 1 265 106 77 77
0117_0434_0336_0065_0065.jpg 1 434 336 65 65
0118_0099_0059_0253_0253.jpg 1 99 59 253 253
0119_0137_0163_0246_0246.jpg 1 137 163 246 246
0120_0277_0202_0223_0223.jpg 1 277 202 223 223
0121_0177_0361_0041_0041.jpg 1 177 361 41 41
0122_0196_0045_0171_0171.jpg 1 196 45 171 171
0123_0127_0108_0241_0241.jpg 1 127 108 241 241
0124_0182_0165_0091_0091.jpg 1 182 165 91 91
0125_0379_0084_0123_0123.jpg 1 379 84 123 123
0126_0098_0051_0288_0288.jpg 1 98 51 288 288
0127_0042_0031_0298_0298.jpg 1 42 31 298 298
0128_0081_0177_0082_0082.jpg 1 81 177 82 82
0129_0312_0126_0252_0252.jpg 1 312 126 252 252
0130_0377_0051_0174_0174.jpg 1 377 51 174 174
0131_0099_0185_0107_0107.jpg 1 99 185 107 107
0132_0171_0117_0115_0115.jpg 1 171 117 115 115
0133_0321_0174_0128_0128.jpg 1 321 174 128 128
0134_0227_0179_0148_0148.jpg 1 227 179 148 148
0135_0216_0038_0295_0295.jpg 1 216 38 295 295
0136_0069_0051_0305_0305.jpg 1 69 51 305 305
0137_0165_0119_0255_0255.jpg 1 165 119 255 255
0138_0129_0174_0122_0122.jpg 1 129 174 122 122
0139_0430_0033_0120_0120.jpg 1 430 33 120 120
0140_0414_0166_0112_0112.jpg 1 414 166 112 112
0141_0258_0142_0094_0094.jpg 1 258 142 94 94
0142_0165_0036_0286_0286.jpg 1 165 36 286 286
0143_0160_0149_0256_0256.jpg 1 160 149 256 256
0144_0336_0197_0149_0149.jpg 1 336 197 149 149
0145_0305_0354_0035_0035.jpg 1 305 354 35 35
0146_0278_0122_0123_0123.jpg 1 278 122 123 123
0147_0367_0243_0164_0164.jpg 1 367 243 164 164
0148_0308_0100_0243_0243.jpg 1 308 100 243 243
0149_0279_0183_0097_0097.jpg 1 279 183 97 97
0150_0126_0184_0137_0137.jpg 1 126 184 137 137
0151_0122_0180_0044_0044.jpg 1 122 180 44 44
0152_0087_0096_0297_0297.jpg 1 87 96 297 297
0153_0245_0113_0301_0301.jpg 1 245 113 301 301
0154_0352_0212_0072_0072.jpg 1 352 212 72 72
0155_0126_0112_0131_0131.jpg 1 126 112 131 131
0156_0303_0196_0210_0210.jpg 1 303 196 210 210
0157_0240_0276_0037_0037.jpg 1 240 276 37 37
0158_0335_0155_0136_0136.jpg 1 335 155 136 136
0159_0047_0177_0188_0188.jpg 1 47 177 188 188
0160_0122_0177_0118_0118.jpg 1 122 177 118 118
0161_0129_0204_0222_0222.jpg 1 129 204 222 222
0162_0070_0078_0280_0280.jpg 1 70 78 280 280
0163_0424_0043_0126_0126.jpg 1 424 43 126 126
0164_0129_0094_0299_0299.jpg 1 129 94 299 299
0165_0039_0095_0240_0240.jpg 1 39 95 240 240
0166_0383_0208_0156_0156.jpg 1 383 208 156 156
0167_0096_0048_0292_0292.jpg 1 96 48 292 292
0168_0325_0092_0164_0164.jpg 1 325 92 164 164
0169_0161_0055_0195_0195.jpg 1 161 55 195 195
0170_0254_0108_0130_0130.jpg 1 254 108 130 130
0171_0111_0083_0124_0124.jpg 1 111 83 124 124
0172_0258_0174_0220_0220.jpg 1 258 174 220 220
0173_0294_0163_0191_0191.jpg 1 294 163 191 191
0174_0212_0254_0025_0025.jpg 1 212 254 25 25
0175_0248_0107_0303_0303.jpg 1 248 107 303 303
0176_0187_0119_0277_0277.jpg 1 187 119 277 277
0177_0055_0214_0089_0089.jpg 1 55 214 89 89
0178_0412_0223_0141_0141.jpg 1 412 223 141 141
0179_0191_0197_0152_0152.jpg 1 191 197 152 152
0180_0417_0167_0034_0034.jpg 1 417 167 34 34
0181_0276_0032_0289_0289.jpg 1 276 32 289 289
0182_0234_0126_0290_0290.jpg 1 234 126 290 290
0183_0326_0038_0133_0133.jpg 1 326 38 133 133
0184_0289_0059_0102_0102.jpg 1 289 59 102 102
0185_0288_0300_0055_0055.jpg 1 288 300 55 55
0186_0364_0072_0157_0157.jpg 1 364 72 157 157
0187_0222_0086_0259_0259.jpg 1 222 86 259 259
0188_0250_0334_0039_0039.jpg 1 250 334 39 39
0189_0249_0059_0255_0255.jpg 1 249 59 255 255
0190_0224_0112_0198_0198.jpg 1 224 112 198 198
0191_0259_0064_0260_0260.jpg 1 259 64 260 260
0192_0095_0098_0210_0210.jpg 1 95 98 210 210
0193_0326_0214_0194_0194.jpg 1 326 214 194 194
0194_0127_0215_0143_0143.jpg 1 127 215 143 143
0195_0237_0067_0260_0260.jpg 1 237 67 260 260
0196_0486_0303_0041_0041.jpg 1 486 303 41 41
0197_0456_0285_0088_0088.jpg 1 456 285 88 88
0198_0220_0047_0278_0278.jpg 1 220 47 278 278
0199_0301_0061_0103_0103.jpg 1 301 61 103 103
0200_0086_0119_0260_0260.jpg 1 86 119 260 260
