0001_0495_0171_0039_0039.jpg 1 495 171 39 39
0002_0297_0198_0156_0156.jpg 1 297 198 156 156
0003_0192_0105_0235_0235.jpg 1 192 105 235 235
0004_0153_0061_0252_0252.jpg 1 153 61 252 252
0005_0154_0109_0285_0285.jpg 1 154 109 285 285
0006_0305_0219_0150_0150.jpg 1 305 219 150 150
0007_0289_0037_0228_0228.jpg 1 289 37 228 228
0008_0220_0111_0279_0279.jpg 1 220 111 279 279
0009_0071_0289_0048_0048.jpg 1 71 289 48 48
0010_0240_0065_0306_0306.jpg 1 240 65 306 306
0011_0143_0208_0189_0189.jpg 1 143 208 189 189
0012_0201_0061_0257_0257.jpg 1 201 61 257 257
0013_0056_0042_0281_0281.jpg 1 56 42 281 281
0014_0323_0095_0195_0195.jpg 1 323 95 195 195
0015_0258_0204_0071_0071.jpg 1 258 204 71 71
0016_0323_0294_0112_0112.jpg 1 323 294 112 112
0017_0142_0064_0159_0159.jpg 1 142 64 159 159
0018_0180_0056_0253_0253.jpg 1 180 56 253 253
0019_0238_0079_0148_0148.jpg 1 238 79 148 148
0020_0112_0190_0191_0191.jpg 1 112 190 191 191
0021_0225_0097_0235_0235.jpg 1 225 97 235 235
0022_0326_0118_0220_0220.jpg 1 326 118 220 220
0023_0272_0306_0094_0094.jpg 1 272 306 94 94
0024_0113_0240_0148_0148.jpg 1 113 240 148 148
0025_0260_0255_0062_0062.jpg 1 260 255 62 62
0026_0193_0104_0231_0231.jpg 1 193 104 231 231
0027_0377_0047_0139_0139.jpg 1 377 47 139 139
0028_0274_0219_0154_0154.jpg 1 274 219 154 154
0029_0112_0023_0259_0259.jpg 1 112 23 259 259
0030_0124_0074_0250_0250.jpg 1 124 74 250 250
0031_0271_0187_0155_0155.jpg 1 271 187 155 155
0032_0149_0153_0245_0245.jpg 1 149 153 245 245
0033_0160_0220_0160_0160.jpg 1 160 220 160 160
0034_0164_0079_0304_0304.jpg 1 164 79 304 304
0035_0042_0053_0259_0259.jpg 1 42 53 259 259
0036_0119_0153_0223_0223.jpg 1 119 153 223 223
0037_0083_0037_0292_0292.jpg 1 83 37 292 292
0038_0288_0166_0206_0206.jpg 1 288 166 206 206
0039_0077_0137_0045_0045.jpg 1 77 137 45 45
0040_0131_0147_0064_0064.jpg 1 131 147 64 64
0041_0381_0227_0092_0092.jpg 1 381 227 92 92
0042_0255_0121_0190_0190.jpg 1 255 121 190 190
0043_0218_0041_0303_0303.jpg 1 218 41 303 303
0044_0149_0129_0149_0149.jpg 1 149 129 149 149
0045_0278_0207_0065_0065.jpg 1 278 207 65 65
0046_0411_0076_0046_0046.jpg 1 411 76 46 46
0047_0105_0288_0120_0120.jpg 1 105 288 120 120
0048_0321_0026_0239_0239.jpg 1 321 26 239 239
0049_0282_0110_0265_0265.jpg 1 282 110 265 265
0050_0090_0097_0152_0152.jpg 1 90 97 152 152
0051_0431_0301_0115_0115.jpg 1 431 301 115 115
0052_0045_0127_0273_0273.jpg 1 45 127 273 273
0053_0338_0154_0208_0208.jpg 1 338 154 208 208
0054_0124_0191_0075_0075.jpg 1 124 191 75 75
0055_0114_0114_0159_0159.jpg 1 114 114 159 159
0056_0155_0227_0067_0067.jpg 1 155 227 67 67
0057_0057_0222_0170_0170.jpg 1 57 222 170 170
0058_0150_0097_0053_0053.jpg 1 150 97 53 53
0059_0164_0128_0176_0176.jpg 1 164 128 176 176
0060_0186_0275_0139_0139.jpg 1 186 275 139 139
0061_0112_0027_0190_0190.jpg 1 112 27 190 190
0062_0268_0158_0204_0204.jpg 1 268 158 204 204
0063_0104_0110_0232_0232.jpg 1 104 110 232 232
0064_0107_0197_0158_0158.jpg 1 107 197 158 158
0065_0148_0165_0127_0127.jpg 1 148 165 127 127
0066_0235_0181_0076_0076.jpg 1 235 181 76 76
0067_0111_0149_0234_0234.jpg 1 111 149 234 234
0068_0160_0268_0034_0034.jpg 1 160 268 34 34
0069_0155_0198_0151_0151.jpg 1 155 198 151 151
0070_0082_0168_0123_0123.jpg 1 82 168 123 123
0071_0198_0032_0305_0305.jpg 1 198 32 305 305
0072_0430_0270_0116_0116.jpg 1 430 270 116 116
0073_0137_0087_0125_0125.jpg 1 137 87 125 125
0074_0115_0133_0262_0262.jpg 1 115 133 262 262
0075_0109_0145_0040_0040.jpg 1 109 145 40 40
0076_0292_0111_0247_0247.jpg 1 292 111 247 247
0077_0259_0061_0231_0231.jpg 1 259 61 231 231
0078_0473_0267_0042_0042.jpg 1 473 267 42 42
0079_0411_0298_0113_0113.jpg 1 411 298 113 113
0080_0086_0142_0277_0277.jpg 1 86 142 277 277
0081_0119_0176_0201_0201.jpg 1 119 176 201 201
0082_0137_0122_0265_0265.jpg 1 137 122 265 265
0083_0442_0154_0081_0081.jpg 1 442 154 81 81
0084_0349_0130_0160_0160.jpg 1 349 130 160 160
0085_0148_0043_0291_0291.jpg 1 148 43 291 291
0086_0259_0102_0311_0311.jpg 1 259 102 311 311
0087_0351_0100_0118_0118.jpg 1 351 100 118 118
0088_0197_0223_0024_0024.jpg 1 197 223 24 24
0089_0243_0168_0109_0109.jpg 1 243 168 109 109
0090_0130_0103_0210_0210.jpg 1 130 103 210 210
0091_0167_0337_0063_0063.jpg 1 167 337 63 63
0092_0064_0066_0102_0102.jpg 1 64 66 102 102
0093_0282_0102_0029_0029.jpg 1 282 102 29 29
0094_0298_0052_0214_0214.jpg 1 298 52 214 214
0095_0326_0121_0195_0195.jpg 1 326 121 195 195
0096_0177_0153_0220_0220.jpg 1 177 153 220 220
0097_0195_0093_0157_0157.jpg 1 195 93 157 157
0098_0226_0045_0185_0185.jpg 1 226 45 185 185
0099_0318_0142_0241_0241.jpg 1 318 142 241 241
0100_0176_0115_0287_0287.jpg 1 176 115 287 287
0101_0121_0063_0101_0101.jpg 1 121 63 101 101
0102_0078_0145_0278_0278.jpg 1 78 145 278 278
0103_0325_0341_0048_0048.jpg 1 325 341 48 48
0104_0163_0080_0186_0186.jpg 1 163 80 186 186
0105_0147_0055_0302_0302.jpg 1 147 55 302 302
0106_0297_0040_0206_0206.jpg 1 297 40 206 206
0107_0108_0120_0152_0152.jpg 1 108 120 152 152
0108_0230_0030_0222_0222.jpg 1 230 30 222 222
0109_0142_0124_0235_0235.jpg 1 142 124 235 235
0110_0085_0292_0063_0063.jpg 1 85 292 63 63
0111_0198_0237_0156_0156.jpg 1 198 237 156 156
0112_0264_0140_0286_0286.jpg 1 264 140 286 286
0113_0353_0217_0166_0166.jpg 1 353 217 166 166
0114_0126_0048_0230_0230.jpg 1 126 48 230 230
0115_0166_0160_0209_0209.jpg 1 166 160 209 209
0116_0316_0238_0152_0152.jpg 1 316 238 152 152
0117_0061_0066_0293_0293.jpg 1 61 66 293 293
0118_0092_0109_0177_0177.jpg 1 92 109 177 177
0119_0281_0076_0083_0083.jpg 1 281 76 83 83
0120_0181_0025_0260_0260.jpg 1 181 25 260 260
0121_0180_0199_0173_0173.jpg 1 180 199 173 173
0122_0108_0289_0087_0087.jpg 1 108 289 87 87
0123_0135_0101_0132_0132.jpg 1 135 101 132 132
0124_0127_0082_0152_0152.jpg 1 127 82 152 152
0125_0129_0096_0100_0100.jpg 1 129 96 100 100
0126_0171_0141_0230_0230.jpg 1 171 141 230 230
0127_0246_0201_0174_0174.jpg 1 246 201 174 174
0128_0061_0064_0216_0216.jpg 1 61 64 216 216
0129_0193_0038_0111_0111.jpg 1 193 38 111 111
0130_0113_0120_0265_0265.jpg 1 113 120 265 265
0131_0446_0156_0069_0069.jpg 1 446 156 69 69
0132_0194_0239_0033_0033.jpg 1 194 239 33 33
0133_0084_0028_0308_0308.jpg 1 84 28 308 308
0134_0382_0291_0094_0094.jpg 1 382 291 94 94
0135_0100_0183_0191_0191.jpg 1 100 183 191 191
0136_0080_0228_0026_0026.jpg 1 80 228 26 26
0137_0274_0231_0025_0025.jpg 1 274 231 25 25
0138_0326_0109_0131_0131.jpg 1 326 109 131 131
0139_0380_0136_0111_0111.jpg 1 380 136 111 111
0140_0053_0109_0162_0162.jpg 1 53 109 162 162
0141_0212_0256_0113_0113.jpg 1 212 256 113 113
0142_0362_0059_0196_0196.jpg 1 362 59 196 196
0143_0103_0046_0074_0074.jpg 1 103 46 74 74
0144_0245_0042_0262_0262.jpg 1 245 42 262 262
0145_0031_0084_0301_0301.jpg 1 31 84 301 301
0146_0245_0100_0247_0247.jpg 1 245 100 247 247
0147_0156_0105_0284_0284.jpg 1 156 105 284 284
0148_0258_0123_0218_0218.jpg 1 258 123 218 218
0149_0390_0158_0116_0116.jpg 1 390 158 116 116
0150_0230_0085_0110_0110.jpg 1 230 85 110 110
0151_0348_0091_0140_0140.jpg 1 348 91 140 140
0152_0201_0117_0183_0183.jpg 1 201 117 183 183
0153_0196_0031_0154_0154.jpg 1 196 31 154 154
0154_0474_0309_0044_0044.jpg 1 474 309 44 44
0155_0383_0136_0058_0058.jpg 1 383 136 58 58
0156_0355_0138_0191_0191.jpg 1 355 138 191 191
0157_0373_0144_0075_0075.jpg 1 373 144 75 75
0158_0156_0116_0308_0308.jpg 1 156 116 308 308
0159_0053_0102_0224_0224.jpg 1 53 102 224 224
0160_0067_0089_0075_0075.jpg 1 67 89 75 75
0161_0201_0155_0262_0262.jpg 1 201 155 262 262
0162_0048_0237_0164_0164.jpg 1 48 237 164 164
0163_0165_0110_0267_0267.jpg 1 165 110 267 267
0164_0149_0033_0275_0275.jpg 1 149 33 275 275
0165_0210_0102_0225_0225.jpg 1 210 102 225 225
0166_0214_0065_0224_0224.jpg 1 214 65 224 224
0167_0068_0307_0091_0091.jpg 1 68 307 91 91
0168_0092_0083_0226_0226.jpg 1 92 83 226 226
0169_0156_0138_0072_0072.jpg 1 156 138 72 72
0170_0219_0247_0128_0128.jpg 1 219 247 128 128
0171_0279_0119_0228_0228.jpg 1 279 119 228 228
0172_0289_0147_0077_0077.jpg 1 289 147 77 77
0173_0167_0045_0313_0313.jpg 1 167 45 313 313
0174_0302_0331_0067_0067.jpg 1 302 331 67 67
0175_0117_0051_0289_0289.jpg 1 117 51 289 289
0176_0285_0135_0167_0167.jpg 1 285 135 167 167
0177_0291_0296_0102_0102.jpg 1 291 296 102 102
0178_0197_0037_0292_0292.jpg 1 197 37 292 292
0179_0206_0091_0229_0229.jpg 1 206 91 229 229
0180_0069_0147_0221_0221.jpg 1 69 147 221 221
0181_0284_0067_0265_0265.jpg 1 284 67 265 265
0182_0157_0154_0082_0082.jpg 1 157 154 82 82
0183_0284_0152_0116_0116.jpg 1 284 152 116 116
0184_0416_0137_0050_0050.jpg 1 416 137 50 50
0185_0092_0108_0235_0235.jpg 1 92 108 235 235
0186_0134_0043_0184_0184.jpg 1 134 43 184 184
0187_0082_0125_0136_0136.jpg 1 82 125 136 136
0188_0276_0316_0093_0093.jpg 1 276 316 93 93
0189_0148_0103_0152_0152.jpg 1 148 103 152 152
0190_0111_0047_0267_0267.jpg 1 111 47 267 267
0191_0062_0024_0269_0269.jpg 1 62 24 269 269
0192_0119_0069_0261_0261.jpg 1 119 69 261 261
0193_0086_0148_0061_0061.jpg 1 86 148 61 61
0194_0294_0154_0260_0260.jpg 1 294 154 260 260
0195_0251_0126_0279_0279.jpg 1 251 126 279 279
0196_0199_0305_0101_0101.jpg 1 199 305 101 101
0197_0308_0129_0067_0067.jpg 1 308 129 67 67
0198_0215_0172_0148_0148.jpg 1 215 172 148 148
0199_0264_0212_0068_0068.jpg 1 264 212 68 68
0200_0085_0041_0084_0084.jpg 1 85 41 84 84
