0001_0140_0119_0163_0163.jpg 1 140 119 163 163
0002_0126_0086_0217_0217.jpg 1 126 86 217 217
0003_0430_0193_0058_0058.jpg 1 430 193 58 58
0004_0094_0033_0258_0258.jpg 1 94 33 258 258
0005_0280_0091_0212_0212.jpg 1 280 91 212 212
0006_0171_0279_0096_0096.jpg 1 171 279 96 96
0007_0176_0083_0156_0156.jpg 1 176 83 156 156
0008_0343_0100_0142_0142.jpg 1 343 100 142 142
0009_0297_0335_0059_0059.jpg 1 297 335 59 59
0010_0127_0333_0032_0032.jpg 1 127 333 32 32
0011_0186_0250_0088_0088.jpg 1 186 250 88 88
0012_0127_0053_0309_0309.jpg 1 127 53 309 309
0013_0273_0045_0065_0065.jpg 1 273 45 65 65
0014_0158_0101_0132_0132.jpg 1 158 101 132 132
0015_0170_0130_0301_0301.jpg 1 170 130 301 301
0016_0429_0049_0065_0065.jpg 1 429 49 65 65
0017_0315_0339_0048_0048.jpg 1 315 339 48 48
0018_0171_0047_0229_0229.jpg 1 171 47 229 229
0019_0255_0101_0265_0265.jpg 1 255 101 265 265
0020_0510_0249_0024_0024.jpg 1 510 249 24 24
0021_0275_0087_0260_0260.jpg 1 275 87 260 260
0022_0087_0020_0270_0270.jpg 1 87 20 270 270
0023_0283_0063_0038_0038.jpg 1 283 63 38 38
0024_0302_0139_0262_0262.jpg 1 302 139 262 262
0025_0216_0047_0044_0044.jpg 1 216 47 44 44
0026_0316_0270_0101_0101.jpg 1 316 270 101 101
0027_0153_0144_0284_0284.jpg 1 153 144 284 284
0028_0088_0163_0251_0251.jpg 1 88 163 251 251
0029_0239_0034_0111_0111.jpg 1 239 34 111 111
0030_0163_0170_0140_0140.jpg 1 163 170 140 140
0031_0432_0103_0105_0105.jpg 1 432 103 105 105
0032_0145_0136_0062_0062.jpg 1 145 136 62 62
0033_0107_0070_0267_0267.jpg 1 107 70 267 267
0034_0283_0017_0273_0273.jpg 1 283 17 273 273
0035_0228_0070_0314_0314.jpg 1 228 70 314 314
0036_0074_0108_0078_0078.jpg 1 74 108 78 78
0037_0069_0097_0211_0211.jpg 1 69 97 211 211
0038_0360_0303_0070_0070.jpg 1 360 303 70 70
0039_0063_0291_0103_0103.jpg 1 63 291 103 103
0040_0148_0118_0310_0310.jpg 1 148 118 310 310
0041_0095_0019_0306_0306.jpg 1 95 19 306 306
0042_0164_0127_0232_0232.jpg 1 164 127 232 232
0043_0313_0059_0220_0220.jpg 1 313 59 220 220
0044_0248_0045_0187_0187.jpg 1 248 45 187 187
0045_0138_0259_0149_0149.jpg 1 138 259 149 149
0046_0156_0347_0045_0045.jpg 1 156 347 45 45
0047_0422_0233_0126_0126.jpg 1 422 233 126 126
0048_0084_0118_0279_0279.jpg 1 84 118 279 279
0049_0369_0172_0114_0114.jpg 1 369 172 114 114
0050_0037_0035_0293_0293.jpg 1 37 35 293 293
0051_0067_0149_0259_0259.jpg 1 67 149 259 259
0052_0126_0266_0091_0091.jpg 1 126 266 91 91
0053_0170_0072_0282_0282.jpg 1 170 72 282 282
0054_0205_0184_0153_0153.jpg 1 205 184 153 153
0055_0431_0148_0078_0078.jpg 1 431 148 78 78
0056_0304_0059_0191_0191.jpg 1 304 59 191 191
0057_0131_0149_0138_0138.jpg 1 131 149 138 138
0058_0290_0029_0275_0275.jpg 1 290 29 275 275
0059_0148_0167_0105_0105.jpg 1 148 167 105 105
0060_0262_0173_0080_0080.jpg 1 262 173 80 80
0061_0240_0045_0025_0025.jpg 1 240 45 25 25
0062_0219_0028_0302_0302.jpg 1 219 28 302 302
0063_0177_0198_0127_0127.jpg 1 177 198 127 127
0064_0122_0188_0121_0121.jpg 1 122 188 121 121
0065_0309_0027_0229_0229.jpg 1 309 27 229 229
0066_0149_0104_0279_0279.jpg 1 149 104 279 279
0067_0252_0118_0146_0146.jpg 1 252 118 146 146
0068_0105_0290_0108_0108.jpg 1 105 290 108 108
0069_0288_0157_0179_0179.jpg 1 288 157 179 179
0070_0343_0224_0100_0100.jpg 1 343 224 100 100
0071_0066_0133_0107_0107.jpg 1 66 133 107 107
0072_0050_0075_0286_0286.jpg 1 50 75 286 286
0073_0096_0133_0244_0244.jpg 1 96 133 244 244
0074_0232_0216_0144_0144.jpg 1 232 216 144 144
0075_0044_0091_0175_0175.jpg 1 44 91 175 175
0076_0369_0195_0166_0166.jpg 1 369 195 166 166
0077_0206_0114_0307_0307.jpg 1 206 114 307 307
0078_0131_0090_0132_0132.jpg 1 131 90 132 132
0079_0163_0166_0180_0180.jpg 1 163 166 180 180
0080_0143_0178_0237_0237.jpg 1 143 178 237 237
0081_0091_0136_0277_0277.jpg 1 91 136 277 277
0082_0296_0173_0051_0051.jpg 1 296 173 51 51
0083_0263_0180_0219_0219.jpg 1 263 180 219 219
0084_0093_0086_0206_0206.jpg 1 93 86 206 206
0085_0385_0071_0168_0168.jpg 1 385 71 168 168
0086_0134_0080_0277_0277.jpg 1 134 80 277 277
0087_0261_0070_0290_0290.jpg 1 261 70 290 290
0088_0165_0251_0059_0059.jpg 1 165 251 59 59
0089_0046_0167_0216_0216.jpg 1 46 167 216 216
0090_0168_0067_0101_0101.jpg 1 168 67 101 101
0091_0269_0048_0257_0257.jpg 1 269 48 257 257
0092_0159_0301_0027_0027.jpg 1 159 301 27 27
0093_0131_0148_0125_0125.jpg 1 131 148 125 125
0094_0289_0178_0235_0235.jpg 1 289 178 235 235
0095_0097_0056_0161_0161.jpg 1 97 56 161 161
0096_0381_0170_0027_0027.jpg 1 381 170 27 27
0097_0294_0120_0035_0035.jpg 1 294 120 35 35
0098_0388_0208_0152_0152.jpg 1 388 208 152 152
0099_0077_0352_0035_0035.jpg 1 77 352 35 35
0100_0263_0202_0130_0130.jpg 1 263 202 130 130
0101_0189_0064_0125_0125.jpg 1 189 64 125 125
0102_0237_0155_0055_0055.jpg 1 237 155 55 55
0103_0075_0173_0124_0124.jpg 1 75 173 124 124
0104_0108_0057_0110_0110.jpg 1 108 57 110 110
0105_0286_0159_0199_0199.jpg 1 286 159 199 199
0106_0417_0087_0122_0122.jpg 1 417 87 122 122
0107_0125_0029_0298_0298.jpg 1 125 29 298 298
0108_0384_0189_0141_0141.jpg 1 384 189 141 141
0109_0250_0066_0229_0229.jpg 1 250 66 229 229
0110_0138_0132_0238_0238.jpg 1 138 132 238 238
0111_0061_0168_0244_0244.jpg 1 61 168 244 244
0112_0409_0123_0083_0083.jpg 1 409 123 83 83
0113_0213_0181_0214_0214.jpg 1 213 181 214 214
0114_0320_0294_0044_0044.jpg 1 320 294 44 44
0115_0086_0154_0222_0222.jpg 1 86 154 222 222
0116_0046_0168_0205_0205.jpg 1 46 168 205 205
0117_0075_0178_0149_0149.jpg 1 75 178 149 149
0118_0375_0265_0090_0090.jpg 1 375 265 90 90
0119_0114_0152_0226_0226.jpg 1 114 152 226 226
0120_0171_0139_0153_0153.jpg 1 171 139 153 153
0121_0063_0108_0093_0093.jpg 1 63 108 93 93
0122_0177_0249_0107_0107.jpg 1 177 249 107 107
0123_0156_0159_0237_0237.jpg 1 156 159 237 237
0124_0054_0156_0147_0147.jpg 1 54 156 147 147
0125_0147_0054_0165_0165.jpg 1 147 54 165 165
0126_0154_0047_0268_0268.jpg 1 154 47 268 268
0127_0184_0189_0224_0224.jpg 1 184 189 224 224
0128_0374_0056_0145_0145.jpg 1 374 56 145 145
0129_0180_0035_0161_0161.jpg 1 180 35 161 161
0130_0084_0122_0218_0218.jpg 1 84 122 218 218
0131_0266_0065_0214_0214.jpg 1 266 65 214 214
0132_0065_0156_0107_0107.jpg 1 65 156 107 107
0133_0223_0043_0148_0148.jpg 1 223 43 148 148
0134_0124_0289_0060_0060.jpg 1 124 289 60 60
0135_0195_0071_0254_0254.jpg 1 195 71 254 254
0136_0486_0141_0052_0052.jpg 1 486 141 52 52
0137_0235_0080_0304_0304.jpg 1 235 80 304 304
0138_0182_0080_0273_0273.jpg 1 182 80 273 273
0139_0310_0068_0171_0171.jpg 1 310 68 171 171
0140_0251_0145_0137_0137.jpg 1 251 145 137 137
0141_0232_0053_0181_0181.jpg 1 232 53 181 181
0142_0391_0257_0162_0162.jpg 1 391 257 162 162
0143_0204_0105_0262_0262.jpg 1 204 105 262 262
0144_0281_0285_0116_0116.jpg 1 281 285 116 116
0145_0149_0045_0256_0256.jpg 1 149 45 256 256
0146_0282_0021_0260_0260.jpg 1 282 21 260 260
0147_0343_0201_0112_0112.jpg 1 343 201 112 112
0148_0395_0222_0039_0039.jpg 1 395 222 39 39
0149_0394_0090_0134_0134.jpg 1 394 90 134 134
0150_0347_0064_0136_0136.jpg 1 347 64 136 136
0151_0339_0085_0087_0087.jpg 1 339 85 87 87
0152_0249_0072_0216_0216.jpg 1 249 72 216 216
0153_0302_0164_0243_0243.jpg 1 302 164 243 243
0154_0062_0078_0148_0148.jpg 1 62 78 148 148
0155_0226_0195_0191_0191.jpg 1 226 195 191 191
0156_0311_0118_0226_0226.jpg 1 311 118 226 226
0157_0138_0093_0229_0229.jpg 1 138 93 229 229
0158_0096_0091_0262_0262.jpg 1 96 91 262 262
0159_0326_0075_0196_0196.jpg 1 326 75 196 196
0160_0301_0310_0081_0081.jpg 1 301 310 81 81
0161_0038_0127_0243_0243.jpg 1 38 127 243 243
0162_0158_0045_0249_0249.jpg 1 158 45 249 249
0163_0263_0172_0247_0247.jpg 1 263 172 247 247
0164_0083_0156_0201_0201.jpg 1 83 156 201 201
0165_0295_0028_0217_0217.jpg 1 295 28 217 217
0166_0227_0049_0243_0243.jpg 1 227 49 243 243
0167_0066_0065_0129_0129.jpg 1 66 65 129 129
0168_0250_0072_0122_0122.jpg 1 250 72 122 122
0169_0057_0053_0036_0036.jpg 1 57 53 36 36
0170_0137_0289_0091_0091.jpg 1 137 289 91 91
0171_0343_0177_0100_0100.jpg 1 343 177 100 100
0172_0085_0089_0239_0239.jpg 1 85 89 239 239
0173_0097_0052_0304_0304.jpg 1 97 52 304 304
0174_0060_0138_0093_0093.jpg 1 60 138 93 93
0175_0434_0270_0044_0044.jpg 1 434 270 44 44
0176_0192_0014_0308_0308.jpg 1 192 14 308 308
0177_0094_0072_0168_0168.jpg 1 94 72 168 168
0178_0421_0309_0069_0069.jpg 1 421 309 69 69
0179_0169_0130_0118_0118.jpg 1 169 130 118 118
0180_0032_0092_0285_0285.jpg 1 32 92 285 285
0181_0112_0136_0294_0294.jpg 1 112 136 294 294
0182_0241_0081_0152_0152.jpg 1 241 81 152 152
0183_0423_0257_0116_0116.jpg 1 423 257 116 116
0184_0339_0053_0114_0114.jpg 1 339 53 114 114
0185_0257_0139_0256_0256.jpg 1 257 139 256 256
0186_0223_0091_0129_0129.jpg 1 223 91 129 129
0187_0074_0160_0201_0201.jpg 1 74 160 201 201
0188_0244_0343_0062_0062.jpg 1 244 343 62 62
0189_0392_0250_0157_0157.jpg 1 392 250 157 157
0190_0379_0033_0115_0115.jpg 1 379 33 115 115
0191_0344_0232_0114_0114.jpg 1 344 232 114 114
0192_0281_0176_0125_0125.jpg 1 281 176 125 125
0193_0091_0084_0054_0054.jpg 1 91 84 54 54
0194_0118_0162_0187_0187.jpg 1 118 162 187 187
0195_0413_0164_0132_0132.jpg 1 413 164 132 132
0196_0368_0211_0179_0179.jpg 1 368 211 179 179
0197_0232_0203_0166_0166.jpg 1 232 203 166 166
0198_0274_0150_0086_0086.jpg 1 274 150 86 86
0199_0148_0203_0062_0062.jpg 1 148 203 62 62
0200_0098_0065_0059_0059.jpg 1 98 65 59 59
