0001_0275_0069_0175_0175.jpg 1 275 69 175 175
0002_0054_0126_0270_0270.jpg 1 54 126 270 270
0003_0249_0203_0119_0119.jpg 1 249 203 119 119
0004_0369_0040_0071_0071.jpg 1 369 40 71 71
0005_0232_0046_0208_0208.jpg 1 232 46 208 208
0006_0098_0191_0204_0204.jpg 1 98 191 204 204
0007_0344_0069_0153_0153.jpg 1 344 69 153 153
0008_0214_0140_0247_0247.jpg 1 214 140 247 247
0009_0105_0040_0217_0217.jpg 1 105 40 217 217
0010_0380_0165_0136_0136.jpg 1 380 165 136 136
0011_0151_0031_0310_0310.jpg 1 151 31 310 310
0012_0122_0134_0195_0195.jpg 1 122 134 195 195
0013_0212_0142_0112_0112.jpg 1 212 142 112 112
0014_0066_0177_0173_0173.jpg 1 66 177 173 173
0015_0184_0103_0197_0197.jpg 1 184 103 197 197
0016_0046_0220_0184_0184.jpg 1 46 220 184 184
0017_0241_0109_0220_0220.jpg 1 241 109 220 220
0018_0195_0145_0108_0108.jpg 1 195 145 108 108
0019_0184_0058_0283_0283.jpg 1 184 58 283 283
0020_0193_0188_0098_0098.jpg 1 193 188 98 98
0021_0130_0180_0025_0025.jpg 1 130 180 25 25
0022_0240_0241_0151_0151.jpg 1 240 241 151 151
0023_0374_0221_0169_0169.jpg 1 374 221 169 169
0024_0058_0250_0083_0083.jpg 1 58 250 83 83
0025_0068_0237_0111_0111.jpg 1 68 237 111 111
0026_0381_0230_0061_0061.jpg 1 381 230 61 61
0027_0275_0222_0142_0142.jpg 1 275 222 142 142
0028_0235_0134_0224_0224.jpg 1 235 134 224 224
0029_0135_0154_0149_0149.jpg 1 135 154 149 149
0030_0184_0178_0195_0195.jpg 1 184 178 195 195
0031_0365_0368_0038_0038.jpg 1 365 368 38 38
0032_0049_0189_0218_0218.jpg 1 49 189 218 218
0033_0306_0097_0157_0157.jpg 1 306 97 157 157
0034_0148_0227_0176_0176.jpg 1 148 227 176 176
0035_0055_0104_0097_0097.jpg 1 55 104 97 97
0036_0155_0096_0213_0213.jpg 1 155 96 213 213
0037_0190_0146_0286_0286.jpg 1 190 146 286 286
0038_0126_0021_0313_0313.jpg 1 126 21 313 313
0039_0104_0144_0122_0122.jpg 1 104 144 122 122
0040_0235_0135_0156_0156.jpg 1 235 135 156 156
0041_0114_0279_0135_0135.jpg 1 114 279 135 135
0042_0069_0157_0061_0061.jpg 1 69 157 61 61
0043_0275_0204_0125_0125.jpg 1 275 204 125 125
0044_0144_0170_0059_0059.jpg 1 144 170 59 59
0045_0377_0174_0116_0116.jpg 1 377 174 116 116
0046_0127_0093_0299_0299.jpg 1 127 93 299 299
0047_0162_0074_0313_0313.jpg 1 162 74 313 313
0048_0134_0112_0300_0300.jpg 1 134 112 300 300
0049_0088_0192_0116_0116.jpg 1 88 192 116 116
0050_0280_0210_0125_0125.jpg 1 280 210 125 125
0051_0381_0044_0162_0162.jpg 1 381 44 162 162
0052_0112_0340_0059_0059.jpg 1 112 340 59 59
0053_0252_0258_0138_0138.jpg 1 252 258 138 138
0054_0139_0057_0268_0268.jpg 1 139 57 268 268
0055_0166_0104_0119_0119.jpg 1 166 104 119 119
0056_0119_0071_0096_0096.jpg 1 119 71 96 96
0057_0075_0051_0110_0110.jpg 1 75 51 110 110
0058_0047_0026_0203_0203.jpg 1 47 26 203 203
0059_0128_0145_0274_0274.jpg 1 128 145 274 274
0060_0238_0246_0079_0079.jpg 1 238 246 79 79
0061_0067_0078_0177_0177.jpg 1 67 78 177 177
0062_0240_0044_0263_0263.jpg 1 240 44 263 263
0063_0103_0048_0239_0239.jpg 1 103 48 239 239
0064_0148_0311_0029_0029.jpg 1 148 311 29 29
0065_0159_0182_0226_0226.jpg 1 159 182 226 226
0066_0185_0201_0217_0217.jpg 1 185 201 217 217
0067_0240_0090_0296_0296.jpg 1 240 90 296 296
0068_0425_0058_0070_0070.jpg 1 425 58 70 70
0069_0126_0102_0147_0147.jpg 1 126 102 147 147
0070_0152_0096_0312_0312.jpg 1 152 96 312 312
0071_0394_0279_0050_0050.jpg 1 394 279 50 50
0072_0135_0123_0182_0182.jpg 1 135 123 182 182
0073_0355_0081_0191_0191.jpg 1 355 81 191 191
0074_0284_0068_0200_0200.jpg 1 284 68 200 200
0075_0378_0166_0156_0156.jpg 1 378 166 156 156
0076_0193_0121_0309_0309.jpg 1 193 121 309 309
0077_0213_0071_0168_0168.jpg 1 213 71 168 168
0078_0207_0142_0238_0238.jpg 1 207 142 238 238
0079_0108_0291_0056_0056.jpg 1 108 291 56 56
0080_0267_0172_0236_0236.jpg 1 267 172 236 236
0081_0149_0153_0275_0275.jpg 1 149 153 275 275
0082_0214_0054_0246_0246.jpg 1 214 54 246 246
0083_0233_0057_0228_0228.jpg 1 233 57 228 228
0084_0142_0100_0248_0248.jpg 1 142 100 248 248
0085_0370_0115_0040_0040.jpg 1 370 115 40 40
0086_0359_0037_0166_0166.jpg 1 359 37 166 166
0087_0093_0142_0066_0066.jpg 1 93 142 66 66
0088_0096_0054_0206_0206.jpg 1 96 54 206 206
0089_0336_0045_0091_0091.jpg 1 336 45 91 91
0090_0110_0180_0150_0150.jpg 1 110 180 150 150
0091_0312_0088_0223_0223.jpg 1 312 88 223 223
0092_0253_0250_0151_0151.jpg 1 253 250 151 151
0093_0196_0043_0241_0241.jpg 1 196 43 241 241
0094_0185_0063_0256_0256.jpg 1 185 63 256 256
0095_0174_0094_0181_0181.jpg 1 174 94 181 181
0096_0399_0200_0056_0056.jpg 1 399 200 56 56
0097_0355_0095_0127_0127.jpg 1 355 95 127 127
0098_0239_0062_0253_0253.jpg 1 239 62 253 253
0099_0219_0130_0297_0297.jpg 1 219 130 297 297
0100_0052_0189_0074_0074.jpg 1 52 189 74 74
0101_0181_0321_0079_0079.jpg 1 181 321 79 79
0102_0139_0131_0272_0272.jpg 1 139 131 272 272
0103_0101_0220_0149_0149.jpg 1 101 220 149 149
0104_0325_0168_0040_0040.jpg 1 325 168 40 40
0105_0334_0131_0137_0137.jpg 1 334 131 137 137
0106_0440_0204_0093_0093.jpg 1 440 204 93 93
0107_0094_0110_0304_0304.jpg 1 94 110 304 304
0108_0111_0073_0143_0143.jpg 1 111 73 143 143
0109_0364_0083_0060_0060.jpg 1 364 83 60 60
0110_0119_0114_0253_0253.jpg 1 119 114 253 253
0111_0101_0300_0077_0077.jpg 1 101 300 77 77
0112_0153_0034_0122_0122.jpg 1 153 34 122 122
0113_0254_0272_0048_0048.jpg 1 254 272 48 48
0114_0096_0303_0090_0090.jpg 1 96 303 90 90
0115_0333_0171_0168_0168.jpg 1 333 171 168 168
0116_0258_0035_0104_0104.jpg 1 258 35 104 104
0117_0190_0084_0151_0151.jpg 1 190 84 151 151
0118_0215_0145_0028_0028.jpg 1 215 145 28 28
0119_0274_0144_0219_0219.jpg 1 274 144 219 219
0120_0352_0122_0053_0053.jpg 1 352 122 53 53
0121_0273_0097_0259_0259.jpg 1 273 97 259 259
0122_0091_0062_0297_0297.jpg 1 91 62 297 297
0123_0149_0181_0181_0181.jpg 1 149 181 181 181
0124_0326_0132_0225_0225.jpg 1 326 132 225 225
0125_0053_0162_0075_0075.jpg 1 53 162 75 75
0126_0185_0047_0108_0108.jpg 1 185 47 108 108
0127_0112_0182_0213_0213.jpg 1 112 182 213 213
0128_0096_0221_0124_0124.jpg 1 96 221 124 124
0129_0144_0069_0182_0182.jpg 1 144 69 182 182
0130_0298_0075_0107_0107.jpg 1 298 75 107 107
0131_0075_0028_0267_0267.jpg 1 75 28 267 267
0132_0086_0117_0244_0244.jpg 1 86 117 244 244
0133_0203_0125_0155_0155.jpg 1 203 125 155 155
0134_0211_0229_0157_0157.jpg 1 211 229 157 157
0135_0371_0365_0027_0027.jpg 1 371 365 27 27
0136_0262_0134_0154_0154.jpg 1 262 134 154 154
0137_0270_0193_0141_0141.jpg 1 270 193 141 141
0138_0394_0249_0129_0129.jpg 1 394 249 129 129
0139_0226_0152_0028_0028.jpg 1 226 152 28 28
0140_0097_0080_0199_0199.jpg 1 97 80 199 199
0141_0202_0188_0215_0215.jpg 1 202 188 215 215
0142_0112_0060_0308_0308.jpg 1 112 60 308 308
0143_0214_0146_0255_0255.jpg 1 214 146 255 255
0144_0096_0103_0286_0286.jpg 1 96 103 286 286
0145_0412_0149_0025_0025.jpg 1 412 149 25 25
0146_0300_0039_0196_0196.jpg 1 300 39 196 196
0147_0111_0123_0278_0278.jpg 1 111 123 278 278
0148_0238_0045_0263_0263.jpg 1 238 45 263 263
0149_0300_0280_0061_0061.jpg 1 300 280 61 61
0150_0419_0111_0086_0086.jpg 1 419 111 86 86
0151_0341_0230_0130_0130.jpg 1 341 230 130 130
0152_0161_0230_0123_0123.jpg 1 161 230 123 123
0153_0274_0060_0152_0152.jpg 1 274 60 152 152
0154_0139_0051_0294_0294.jpg 1 139 51 294 294
0155_0106_0046_0187_0187.jpg 1 106 46 187 187
0156_0195_0066_0258_0258.jpg 1 195 66 258 258
0157_0226_0278_0105_0105.jpg 1 226 278 105 105
0158_0288_0052_0068_0068.jpg 1 288 52 68 68
0159_0036_0037_0302_0302.jpg 1 36 37 302 302
0160_0221_0194_0085_0085.jpg 1 221 194 85 85
0161_0182_0141_0073_0073.jpg 1 182 141 73 73
0162_0095_0078_0314_0314.jpg 1 95 78 314 314
0163_0242_0108_0309_0309.jpg 1 242 108 309 309
0164_0208_0077_0278_0278.jpg 1 208 77 278 278
0165_0496_0121_0046_0046.jpg 1 496 121 46 46
0166_0392_0280_0133_0133.jpg 1 392 280 133 133
0167_0136_0179_0199_0199.jpg 1 136 179 199 199
0168_0071_0130_0248_0248.jpg 1 71 130 248 248
0169_0350_0162_0050_0050.jpg 1 350 162 50 50
0170_0323_0129_0215_0215.jpg 1 323 129 215 215
0171_0119_0079_0225_0225.jpg 1 119 79 225 225
0172_0087_0088_0296_0296.jpg 1 87 88 296 296
0173_0074_0259_0066_0066.jpg 1 74 259 66 66
0174_0215_0180_0247_0247.jpg 1 215 180 247 247
0175_0427_0080_0040_0040.jpg 1 427 80 40 40
0176_0355_0070_0189_0189.jpg 1 355 70 189 189
0177_0054_0044_0158_0158.jpg 1 54 44 158 158
0178_0058_0126_0266_0266.jpg 1 58 126 266 266
0179_0141_0126_0208_0208.jpg 1 141 126 208 208
0180_0111_0137_0295_0295.jpg 1 111 137 295 295
0181_0055_0097_0186_0186.jpg 1 55 97 186 186
0182_0250_0097_0184_0184.jpg 1 250 97 184 184
0183_0413_0066_0120_0120.jpg 1 413 66 120 120
0184_0107_0178_0101_0101.jpg 1 107 178 101 101
0185_0046_0032_0295_0295.jpg 1 46 32 295 295
0186_0337_0243_0067_0067.jpg 1 337 243 67 67
0187_0089_0148_0106_0106.jpg 1 89 148 106 106
0188_0085_0036_0314_0314.jpg 1 85 36 314 314
0189_0124_0049_0313_0313.jpg 1 124 49 313 313
0190_0150_0143_0219_0219.jpg 1 150 143 219 219
0191_0219_0060_0067_0067.jpg 1 219 60 67 67
0192_0280_0256_0075_0075.jpg 1 280 256 75 75
0193_0078_0138_0289_0289.jpg 1 78 138 289 289
0194_0053_0239_0163_0163.jpg 1 53 239 163 163
0195_0038_0094_0290_0290.jpg 1 38 94 290 290
0196_0316_0200_0055_0055.jpg 1 316 200 55 55
0197_0033_0039_0292_0292.jpg 1 33 39 292 292
0198_0040_0177_0230_0230.jpg 1 40 177 230 230
0199_0109_0091_0268_0268.jpg 1 109 91 268 268
0200_0185_0119_0206_0206.jpg 1 185 119 206 206
