0001_0272_0199_0126_0126.jpg 1 272 199 126 126
0002_0083_0161_0142_0142.jpg 1 83 161 142 142
0003_0173_0084_0291_0291.jpg 1 173 84 291 291
0004_0074_0044_0205_0205.jpg 1 74 44 205 205
0005_0254_0028_0271_0271.jpg 1 254 28 271 271
0006_0263_0105_0262_0262.jpg 1 263 105 262 262
0007_0216_0225_0063_0063.jpg 1 216 225 63 63
0008_0037_0046_0270_0270.jpg 1 37 46 270 270
0009_0245_0182_0213_0213.jpg 1 245 182 213 213
0010_0078_0021_0277_0277.jpg 1 78 21 277 277
0011_0284_0195_0204_0204.jpg 1 284 195 204 204
0012_0071_0086_0271_0271.jpg 1 71 86 271 271
0013_0165_0075_0134_0134.jpg 1 165 75 134 134
0014_0168_0077_0307_0307.jpg 1 168 77 307 307
0015_0251_0118_0220_0220.jpg 1 251 118 220 220
0016_0063_0188_0088_0088.jpg 1 63 188 88 88
0017_0102_0029_0159_0159.jpg 1 102 29 159 159
0018_0439_0160_0091_0091.jpg 1 439 160 91 91
0019_0377_0134_0149_0149.jpg 1 377 134 149 149
0020_0070_0109_0102_0102.jpg 1 70 109 102 102
0021_0203_0095_0128_0128.jpg 1 203 95 128 128
0022_0057_0030_0183_0183.jpg 1 57 30 183 183
0023_0143_0067_0046_0046.jpg 1 143 67 46 46
0024_0126_0097_0276_0276.jpg 1 126 97 276 276
0025_0161_0206_0164_0164.jpg 1 161 206 164 164
0026_0152_0068_0297_0297.jpg 1 152 68 297 297
0027_0038_0072_0259_0259.jpg 1 38 72 259 259
0028_0113_0128_0189_0189.jpg 1 113 128 189 189
0029_0416_0317_0044_0044.jpg 1 416 317 44 44
0030_0202_0062_0309_0309.jpg 1 202 62 309 309
0031_0156_0028_0308_0308.jpg 1 156 28 308 308
0032_0123_0183_0166_0166.jpg 1 123 183 166 166
0033_0338_0065_0220_0220.jpg 1 338 65 220 220
0034_0092_0066_0231_0231.jpg 1 92 66 231 231
0035_0284_0151_0279_0279.jpg 1 284 151 279 279
0036_0137_0123_0135_0135.jpg 1 137 123 135 135
0037_0160_0032_0234_0234.jpg 1 160 32 234 234
0038_0091_0301_0053_0053.jpg 1 91 301 53 53
0039_0420_0269_0076_0076.jpg 1 420 269 76 76
0040_0298_0179_0240_0240.jpg 1 298 179 240 240
0041_0099_0083_0250_0250.jpg 1 99 83 250 250
0042_0353_0083_0171_0171.jpg 1 353 83 171 171
0043_0053_0191_0114_0114.jpg 1 53 191 114 114
0044_0204_0175_0064_0064.jpg 1 204 175 64 64
0045_0416_0279_0101_0101.jpg 1 416 279 101 101
0046_0280_0124_0040_0040.jpg 1 280 124 40 40
0047_0131_0124_0192_0192.jpg 1 131 124 192 192
0048_0181_0120_0312_0312.jpg 1 181 120 312 312
0049_0243_0087_0268_0268.jpg 1 243 87 268 268
0050_0255_0242_0132_0132.jpg 1 255 242 132 132
0051_0176_0161_0053_0053.jpg 1 176 161 53 53
0052_0172_0271_0060_0060.jpg 1 172 271 60 60
0053_0170_0133_0278_0278.jpg 1 170 133 278 278
0054_0276_0035_0192_0192.jpg 1 276 35 192 192
0055_0174_0085_0300_0300.jpg 1 174 85 300 300
0056_0310_0326_0086_0086.jpg 1 310 326 86 86
0057_0136_0150_0040_0040.jpg 1 136 150 40 40
0058_0265_0160_0128_0128.jpg 1 265 160 128 128
0059_0174_0065_0108_0108.jpg 1 174 65 108 108
0060_0342_0140_0032_0032.jpg 1 342 140 32 32
0061_0132_0185_0076_0076.jpg 1 132 185 76 76
0062_0339_0222_0127_0127.jpg 1 339 222 127 127
0063_0329_0198_0135_0135.jpg 1 329 198 135 135
0064_0420_0231_0085_0085.jpg 1 420 231 85 85
0065_0189_0160_0100_0100.jpg 1 189 160 100 100
0066_0389_0331_0070_0070.jpg 1 389 331 70 70
0067_0288_0044_0201_0201.jpg 1 288 44 201 201
0068_0312_0177_0173_0173.jpg 1 312 177 173 173
0069_0426_0249_0102_0102.jpg 1 426 249 102 102
0070_0350_0232_0072_0072.jpg 1 350 232 72 72
0071_0171_0196_0206_0206.jpg 1 171 196 206 206
0072_0493_0074_0029_0029.jpg 1 493 74 29 29
0073_0351_0119_0207_0207.jpg 1 351 119 207 207
0074_0225_0276_0069_0069.jpg 1 225 276 69 69
0075_0169_0190_0189_0189.jpg 1 169 190 189 189
0076_0042_0223_0188_0188.jpg 1 42 223 188 188
0077_0094_0130_0283_0283.jpg 1 94 130 283 283
0078_0092_0084_0278_0278.jpg 1 92 84 278 278
0079_0242_0112_0157_0157.jpg 1 242 112 157 157
0080_0310_0277_0124_0124.jpg 1 310 277 124 124
0081_0112_0236_0185_0185.jpg 1 112 236 185 185
0082_0162_0198_0205_0205.jpg 1 162 198 205 205
0083_0165_0182_0134_0134.jpg 1 165 182 134 134
0084_0185_0150_0221_0221.jpg 1 185 150 221 221
0085_0264_0282_0025_0025.jpg 1 264 282 25 25
0086_0129_0048_0033_0033.jpg 1 129 48 33 33
0087_0269_0163_0230_0230.jpg 1 269 163 230 230
0088_0041_0142_0237_0237.jpg 1 41 142 237 237
0089_0221_0078_0245_0245.jpg 1 221 78 245 245
0090_0311_0117_0116_0116.jpg 1 311 117 116 116
0091_0359_0057_0176_0176.jpg 1 359 57 176 176
0092_0240_0042_0276_0276.jpg 1 240 42 276 276
0093_0213_0153_0165_0165.jpg 1 213 153 165 165
0094_0194_0131_0277_0277.jpg 1 194 131 277 277
0095_0196_0047_0119_0119.jpg 1 196 47 119 119
0096_0082_0073_0195_0195.jpg 1 82 73 195 195
0097_0071_0093_0314_0314.jpg 1 71 93 314 314
0098_0079_0163_0219_0219.jpg 1 79 163 219 219
0099_0230_0214_0123_0123.jpg 1 230 214 123 123
0100_0281_0261_0138_0138.jpg 1 281 261 138 138
0101_0396_0176_0057_0057.jpg 1 396 176 57 57
0102_0115_0093_0297_0297.jpg 1 115 93 297 297
0103_0299_0115_0127_0127.jpg 1 299 115 127 127
0104_0109_0152_0270_0270.jpg 1 109 152 270 270
0105_0284_0034_0271_0271.jpg 1 284 34 271 271
0106_0118_0044_0253_0253.jpg 1 118 44 253 253
0107_0291_0255_0103_0103.jpg 1 291 255 103 103
0108_0232_0081_0284_0284.jpg 1 232 81 284 284
0109_0254_0085_0293_0293.jpg 1 254 85 293 293
0110_0409_0168_0061_0061.jpg 1 409 168 61 61
0111_0192_0020_0288_0288.jpg 1 192 20 288 288
0112_0467_0282_0062_0062.jpg 1 467 282 62 62
0113_0078_0296_0103_0103.jpg 1 78 296 103 103
0114_0335_0086_0147_0147.jpg 1 335 86 147 147
0115_0175_0030_0221_0221.jpg 1 175 30 221 221
0116_0162_0171_0258_0258.jpg 1 162 171 258 258
0117_0222_0042_0252_0252.jpg 1 222 42 252 252
0118_0190_0282_0025_0025.jpg 1 190 282 25 25
0119_0429_0168_0102_0102.jpg 1 429 168 102 102
0120_0413_0168_0085_0085.jpg 1 413 168 85 85
0121_0128_0059_0025_0025.jpg 1 128 59 25 25
0122_0464_0282_0027_0027.jpg 1 464 282 27 27
0123_0207_0221_0186_0186.jpg 1 207 221 186 186
0124_0408_0259_0137_0137.jpg 1 408 259 137 137
0125_0112_0206_0086_0086.jpg 1 112 206 86 86
0126_0090_0266_0104_0104.jpg 1 90 266 104 104
0127_0038_0085_0297_0297.jpg 1 38 85 297 297
0128_0138_0042_0311_0311.jpg 1 138 42 311 311
0129_0133_0072_0235_0235.jpg 1 133 72 235 235
0130_0114_0108_0257_0257.jpg 1 114 108 257 257
0131_0262_0133_0263_0263.jpg 1 262 133 263 263
0132_0299_0171_0226_0226.jpg 1 299 171 226 226
0133_0199_0197_0106_0106.jpg 1 199 197 106 106
0134_0178_0058_0079_0079.jpg 1 178 58 79 79
0135_0146_0076_0266_0266.jpg 1 146 76 266 266
0136_0064_0073_0163_0163.jpg 1 64 73 163 163
0137_0161_0049_0094_0094.jpg 1 161 49 94 94
0138_0092_0054_0226_0226.jpg 1 92 54 226 226
0139_0309_0189_0033_0033.jpg 1 309 189 33 33
0140_0277_0117_0141_0141.jpg 1 277 117 141 141
0141_0355_0268_0113_0113.jpg 1 355 268 113 113
0142_0076_0193_0102_0102.jpg 1 76 193 102 102
0143_0277_0026_0264_0264.jpg 1 277 26 264 264
0144_0181_0135_0067_0067.jpg 1 181 135 67 67
0145_0132_0129_0302_0302.jpg 1 132 129 302 302
0146_0057_0147_0130_0130.jpg 1 57 147 130 130
0147_0240_0060_0237_0237.jpg 1 240 60 237 237
0148_0170_0146_0174_0174.jpg 1 170 146 174 174
0149_0087_0100_0242_0242.jpg 1 87 100 242 242
0150_0205_0061_0031_0031.jpg 1 205 61 31 31
0151_0378_0100_0056_0056.jpg 1 378 100 56 56
0152_0245_0089_0102_0102.jpg 1 245 89 102 102
0153_0246_0106_0310_0310.jpg 1 246 106 310 310
0154_0237_0123_0173_0173.jpg 1 237 123 173 173
0155_0390_0062_0038_0038.jpg 1 390 62 38 38
0156_0337_0212_0201_0201.jpg 1 337 212 201 201
0157_0305_0161_0212_0212.jpg 1 305 161 212 212
0158_0272_0180_0062_0062.jpg 1 272 180 62 62
0159_0202_0184_0235_0235.jpg 1 202 184 235 235
0160_0056_0045_0082_0082.jpg 1 56 45 82 82
0161_0289_0103_0242_0242.jpg 1 289 103 242 242
0162_0178_0262_0083_0083.jpg 1 178 262 83 83
0163_0153_0033_0250_0250.jpg 1 153 33 250 250
0164_0168_0285_0058_0058.jpg 1 168 285 58 58
0165_0084_0106_0156_0156.jpg 1 84 106 156 156
0166_0352_0113_0207_0207.jpg 1 352 113 207 207
0167_0252_0056_0267_0267.jpg 1 252 56 267 267
0168_0172_0287_0110_0110.jpg 1 172 287 110 110
0169_0333_0051_0107_0107.jpg 1 333 51 107 107
0170_0291_0125_0042_0042.jpg 1 291 125 42 42
0171_0234_0110_0203_0203.jpg 1 234 110 203 203
0172_0160_0057_0302_0302.jpg 1 160 57 302 302
0173_0212_0085_0252_0252.jpg 1 212 85 252 252
0174_0142_0145_0260_0260.jpg 1 142 145 260 260
0175_0084_0095_0230_0230.jpg 1 84 95 230 230
0176_0352_0119_0051_0051.jpg 1 352 119 51 51
0177_0180_0310_0050_0050.jpg 1 180 310 50 50
0178_0152_0189_0207_0207.jpg 1 152 189 207 207
0179_0297_0034_0252_0252.jpg 1 297 34 252 252
0180_0344_0070_0085_0085.jpg 1 344 70 85 85
0181_0064_0248_0145_0145.jpg 1 64 248 145 145
0182_0157_0075_0057_0057.jpg 1 157 75 57 57
0183_0283_0075_0263_0263.jpg 1 283 75 263 263
0184_0268_0105_0286_0286.jpg 1 268 105 286 286
0185_0114_0230_0185_0185.jpg 1 114 230 185 185
0186_0274_0118_0264_0264.jpg 1 274 118 264 264
0187_0083_0229_0155_0155.jpg 1 83 229 155 155
0188_0162_0139_0132_0132.jpg 1 162 139 132 132
0189_0108_0218_0049_0049.jpg 1 108 218 49 49
0190_0093_0110_0152_0152.jpg 1 93 110 152 152
0191_0060_0222_0197_0197.jpg 1 60 222 197 197
0192_0176_0132_0207_0207.jpg 1 176 132 207 207
0193_0376_0319_0025_0025.jpg 1 376 319 25 25
0194_0157_0106_0187_0187.jpg 1 157 106 187 187
0195_0119_0147_0122_0122.jpg 1 119 147 122 122
0196_0144_0110_0167_0167.jpg 1 144 110 167 167
0197_0294_0172_0097_0097.jpg 1 294 172 97 97
0198_0163_0148_0239_0239.jpg 1 163 148 239 239
0199_0082_0043_0287_0287.jpg 1 82 43 287 287
0200_0155_0193_0113_0113.jpg 1 155 193 113 113
