0001_0221_0125_0068_0068.jpg 1 221 125 68 68
0002_0146_0139_0282_0282.jpg 1 146 139 282 282
0003_0092_0108_0261_0261.jpg 1 92 108 261 261
0004_0231_0077_0247_0247.jpg 1 231 77 247 247
0005_0289_0202_0069_0069.jpg 1 289 202 69 69
0006_0152_0085_0231_0231.jpg 1 152 85 231 231
0007_0058_0066_0302_0302.jpg 1 58 66 302 302
0008_0115_0054_0063_0063.jpg 1 115 54 63 63
0009_0191_0082_0284_0284.jpg 1 191 82 284 284
0010_0232_0135_0265_0265.jpg 1 232 135 265 265
0011_0088_0036_0189_0189.jpg 1 88 36 189 189
0012_0148_0062_0216_0216.jpg 1 148 62 216 216
0013_0058_0081_0110_0110.jpg 1 58 81 110 110
0014_0257_0083_0075_0075.jpg 1 257 83 75 75
0015_0444_0074_0084_0084.jpg 1 444 74 84 84
0016_0142_0099_0257_0257.jpg 1 142 99 257 257
0017_0204_0168_0107_0107.jpg 1 204 168 107 107
0018_0302_0125_0213_0213.jpg 1 302 125 213 213
0019_0312_0180_0205_0205.jpg 1 312 180 205 205
0020_0055_0149_0256_0256.jpg 1 55 149 256 256
0021_0295_0204_0034_0034.jpg 1 295 204 34 34
0022_0059_0017_0281_0281.jpg 1 59 17 281 281
0023_0219_0094_0100_0100.jpg 1 219 94 100 100
0024_0238_0105_0220_0220.jpg 1 238 105 220 220
0025_0183_0160_0250_0250.jpg 1 183 160 250 250
0026_0159_0120_0257_0257.jpg 1 159 120 257 257
0027_0044_0114_0224_0224.jpg 1 44 114 224 224
0028_0285_0103_0197_0197.jpg 1 285 103 197 197
0029_0290_0077_0105_0105.jpg 1 290 77 105 105
0030_0089_0156_0220_0220.jpg 1 89 156 220 220
0031_0214_0118_0109_0109.jpg 1 214 118 109 109
0032_0414_0106_0085_0085.jpg 1 414 106 85 85
0033_0237_0108_0276_0276.jpg 1 237 108 276 276
0034_0312_0291_0118_0118.jpg 1 312 291 118 118
0035_0123_0041_0252_0252.jpg 1 123 41 252 252
0036_0317_0229_0112_0112.jpg 1 317 229 112 112
0037_0375_0193_0085_0085.jpg 1 375 193 85 85
0038_0282_0035_0263_0263.jpg 1 282 35 263 263
0039_0219_0173_0218_0218.jpg 1 219 173 218 218
0040_0110_0182_0187_0187.jpg 1 110 182 187 187
0041_0174_0104_0282_0282.jpg 1 174 104 282 282
0042_0149_0109_0237_0237.jpg 1 149 109 237 237
0043_0138_0106_0258_0258.jpg 1 138 106 258 258
0044_0240_0030_0170_0170.jpg 1 240 30 170 170
0045_0233_0100_0182_0182.jpg 1 233 100 182 182
0046_0389_0302_0100_0100.jpg 1 389 302 100 100
0047_0210_0183_0052_0052.jpg 1 210 183 52 52
0048_0328_0035_0181_0181.jpg 1 328 35 181 181
0049_0042_0041_0280_0280.jpg 1 42 41 280 280
0050_0137_0228_0049_0049.jpg 1 137 228 49 49
0051_0182_0040_0190_0190.jpg 1 182 40 190 190
0052_0099_0038_0291_0291.jpg 1 99 38 291 291
0053_0279_0160_0179_0179.jpg 1 279 160 179 179
0054_0403_0144_0094_0094.jpg 1 403 144 94 94
0055_0072_0033_0266_0266.jpg 1 72 33 266 266
0056_0230_0067_0146_0146.jpg 1 230 67 146 146
0057_0036_0080_0295_0295.jpg 1 36 80 295 295
0058_0341_0320_0092_0092.jpg 1 341 320 92 92
0059_0243_0047_0311_0311.jpg 1 243 47 311 311
0060_0416_0130_0101_0101.jpg 1 416 130 101 101
0061_0380_0316_0047_0047.jpg 1 380 316 47 47
0062_0283_0169_0217_0217.jpg 1 283 169 217 217
0063_0140_0272_0086_0086.jpg 1 140 272 86 86
0064_0362_0172_0081_0081.jpg 1 362 172 81 81
0065_0163_0036_0312_0312.jpg 1 163 36 312 312
0066_0055_0202_0109_0109.jpg 1 55 202 109 109
0067_0292_0119_0261_0261.jpg 1 292 119 261 261
0068_0134_0256_0072_0072.jpg 1 134 256 72 72
0069_0100_0228_0133_0133.jpg 1 100 228 133 133
0070_0127_0079_0305_0305.jpg 1 127 79 305 305
0071_0189_0224_0061_0061.jpg 1 189 224 61 61
0072_0063_0078_0176_0176.jpg 1 63 78 176 176
0073_0175_0186_0073_0073.jpg 1 175 186 73 73
0074_0074_0115_0233_0233.jpg 1 74 115 233 233
0075_0314_0216_0202_0202.jpg 1 314 216 202 202
0076_0144_0134_0158_0158.jpg 1 144 134 158 158
0077_0132_0101_0239_0239.jpg 1 132 101 239 239
0078_0384_0133_0143_0143.jpg 1 384 133 143 143
0079_0083_0078_0131_0131.jpg 1 83 78 131 131
0080_0114_0068_0272_0272.jpg 1 114 68 272 272
0081_0192_0138_0274_0274.jpg 1 192 138 274 274
0082_0055_0079_0299_0299.jpg 1 55 79 299 299
0083_0315_0028_0247_0247.jpg 1 315 28 247 247
0084_0311_0132_0203_0203.jpg 1 311 132 203 203
0085_0244_0037_0119_0119.jpg 1 244 37 119 119
0086_0035_0033_0287_0287.jpg 1 35 33 287 287
0087_0298_0183_0220_0220.jpg 1 298 183 220 220
0088_0113_0320_0044_0044.jpg 1 113 320 44 44
0089_0139_0200_0064_0064.jpg 1 139 200 64 64
0090_0296_0065_0217_0217.jpg 1 296 65 217 217
0091_0068_0229_0113_0113.jpg 1 68 229 113 113
0092_0098_0026_0228_0228.jpg 1 98 26 228 228
0093_0269_0037_0103_0103.jpg 1 269 37 103 103
0094_0119_0193_0129_0129.jpg 1 119 193 129 129
0095_0435_0297_0026_0026.jpg 1 435 297 26 26
0096_0091_0139_0269_0269.jpg 1 91 139 269 269
0097_0066_0026_0262_0262.jpg 1 66 26 262 262
0098_0347_0229_0116_0116.jpg 1 347 229 116 116
0099_0200_0156_0254_0254.jpg 1 200 156 254 254
0100_0166_0036_0173_0173.jpg 1 166 36 173 173
0101_0206_0197_0178_0178.jpg 1 206 197 178 178
0102_0136_0120_0202_0202.jpg 1 136 120 202 202
0103_0389_0233_0152_0152.jpg 1 389 233 152 152
0104_0089_0220_0178_0178.jpg 1 89 220 178 178
0105_0181_0197_0226_0226.jpg 1 181 197 226 226
0106_0094_0042_0229_0229.jpg 1 94 42 229 229
0107_0244_0068_0288_0288.jpg 1 244 68 288 288
0108_0172_0066_0209_0209.jpg 1 172 66 209 209
0109_0062_0119_0269_0269.jpg 1 62 119 269 269
0110_0116_0111_0078_0078.jpg 1 116 111 78 78
0111_0441_0198_0047_0047.jpg 1 441 198 47 47
0112_0336_0196_0153_0153.jpg 1 336 196 153 153
0113_0251_0128_0297_0297.jpg 1 251 128 297 297
0114_0053_0123_0114_0114.jpg 1 53 123 114 114
0115_0193_0290_0083_0083.jpg 1 193 290 83 83
0116_0410_0064_0093_0093.jpg 1 410 64 93 93
0117_0173_0096_0297_0297.jpg 1 173 96 297 297
0118_0309_0182_0140_0140.jpg 1 309 182 140 140
0119_0059_0214_0146_0146.jpg 1 59 214 146 146
0120_0245_0144_0101_0101.jpg 1 245 144 101 101
0121_0242_0237_0092_0092.jpg 1 242 237 92 92
0122_0203_0070_0179_0179.jpg 1 203 70 179 179
0123_0070_0069_0081_0081.jpg 1 70 69 81 81
0124_0224_0087_0271_0271.jpg 1 224 87 271 271
0125_0475_0266_0061_0061.jpg 1 475 266 61 61
0126_0143_0131_0272_0272.jpg 1 143 131 272 272
0127_0071_0241_0140_0140.jpg 1 71 241 140 140
0128_0304_0145_0252_0252.jpg 1 304 145 252 252
0129_0204_0132_0285_0285.jpg 1 204 132 285 285
0130_0068_0208_0150_0150.jpg 1 68 208 150 150
0131_0101_0244_0090_0090.jpg 1 101 244 90 90
0132_0191_0179_0102_0102.jpg 1 191 179 102 102
0133_0266_0101_0302_0302.jpg 1 266 101 302 302
0134_0192_0073_0267_0267.jpg 1 192 73 267 267
0135_0032_0107_0296_0296.jpg 1 32 107 296 296
0136_0139_0284_0100_0100.jpg 1 139 284 100 100
0137_0297_0146_0253_0253.jpg 1 297 146 253 253
0138_0096_0209_0169_0169.jpg 1 96 209 169 169
0139_0267_0133_0106_0106.jpg 1 267 133 106 106
0140_0258_0172_0175_0175.jpg 1 258 172 175 175
0141_0174_0067_0269_0269.jpg 1 174 67 269 269
0142_0240_0228_0042_0042.jpg 1 240 228 42 42
0143_0151_0116_0213_0213.jpg 1 151 116 213 213
0144_0041_0027_0284_0284.jpg 1 41 27 284 284
0145_0251_0080_0214_0214.jpg 1 251 80 214 214
0146_0374_0165_0163_0163.jpg 1 374 165 163 163
0147_0153_0095_0245_0245.jpg 1 153 95 245 245
0148_0123_0097_0303_0303.jpg 1 123 97 303 303
0149_0476_0105_0059_0059.jpg 1 476 105 59 59
0150_0081_0345_0036_0036.jpg 1 81 345 36 36
0151_0067_0071_0249_0249.jpg 1 67 71 249 249
0152_0176_0154_0234_0234.jpg 1 176 154 234 234
0153_0354_0256_0147_0147.jpg 1 354 256 147 147
0154_0139_0170_0123_0123.jpg 1 139 170 123 123
0155_0171_0098_0187_0187.jpg 1 171 98 187 187
0156_0182_0145_0160_0160.jpg 1 182 145 160 160
0157_0343_0235_0105_0105.jpg 1 343 235 105 105
0158_0373_0074_0084_0084.jpg 1 373 74 84 84
0159_0048_0036_0150_0150.jpg 1 48 36 150 150
0160_0311_0190_0027_0027.jpg 1 311 190 27 27
0161_0205_0102_0053_0053.jpg 1 205 102 53 53
0162_0210_0065_0246_0246.jpg 1 210 65 246 246
0163_0372_0198_0114_0114.jpg 1 372 198 114 114
0164_0352_0208_0147_0147.jpg 1 352 208 147 147
0165_0316_0112_0189_0189.jpg 1 316 112 189 189
0166_0156_0285_0101_0101.jpg 1 156 285 101 101
0167_0102_0089_0245_0245.jpg 1 102 89 245 245
0168_0261_0304_0082_0082.jpg 1 261 304 82 82
0169_0045_0089_0275_0275.jpg 1 45 89 275 275
0170_0155_0104_0119_0119.jpg 1 155 104 119 119
0171_0154_0268_0083_0083.jpg 1 154 268 83 83
0172_0154_0181_0146_0146.jpg 1 154 181 146 146
0173_0436_0059_0099_0099.jpg 1 436 59 99 99
0174_0345_0122_0070_0070.jpg 1 345 122 70 70
0175_0181_0084_0173_0173.jpg 1 181 84 173 173
0176_0320_0345_0059_0059.jpg 1 320 345 59 59
0177_0248_0049_0068_0068.jpg 1 248 49 68 68
0178_0195_0151_0215_0215.jpg 1 195 151 215 215
0179_0039_0129_0277_0277.jpg 1 39 129 277 277
0180_0381_0245_0086_0086.jpg 1 381 245 86 86
0181_0338_0101_0143_0143.jpg 1 338 101 143 143
0182_0065_0031_0159_0159.jpg 1 65 31 159 159
0183_0224_0132_0138_0138.jpg 1 224 132 138 138
0184_0039_0077_0295_0295.jpg 1 39 77 295 295
0185_0186_0165_0265_0265.jpg 1 186 165 265 265
0186_0192_0034_0213_0213.jpg 1 192 34 213 213
0187_0166_0254_0166_0166.jpg 1 166 254 166 166
0188_0205_0105_0306_0306.jpg 1 205 105 306 306
0189_0439_0202_0059_0059.jpg 1 439 202 59 59
0190_0154_0234_0140_0140.jpg 1 154 234 140 140
0191_0214_0155_0059_0059.jpg 1 214 155 59 59
0192_0133_0183_0204_0204.jpg 1 133 183 204 204
0193_0139_0167_0229_0229.jpg 1 139 167 229 229
0194_0181_0066_0209_0209.jpg 1 181 66 209 209
0195_0049_0048_0311_0311.jpg 1 49 48 311 311
0196_0158_0172_0179_0179.jpg 1 158 172 179 179
0197_0070_0102_0205_0205.jpg 1 70 102 205 205
0198_0203_0115_0226_0226.jpg 1 203 115 226 226
0199_0468_0255_0051_0051.jpg 1 468 255 51 51
0200_0086_0177_0154_0154.jpg 1 86 177 154 154
