pos2/frame-0.jpg 1 0 0 117 169
pos2/frame-1050.jpg 1 191 171 130 67
pos2/frame-1080.jpg 1 182 170 144 71
pos2/frame-1110.jpg 1 245 166 132 68
pos2/frame-1140.jpg 1 319 170 129 65
pos2/frame-1170.jpg 1 428 158 130 81
pos2/frame-120.jpg 1 116 166 133 62
pos2/frame-1200.jpg 1 390 153 170 89
pos2/frame-1230.jpg 1 401 150 167 97
pos2/frame-1260.jpg 1 421 148 158 105
pos2/frame-1290.jpg 1 415 150 174 104
pos2/frame-1320.jpg 1 372 161 179 89
pos2/frame-1350.jpg 1 360 156 176 95
pos2/frame-1380.jpg 1 357 158 162 86
pos2/frame-1410.jpg 1 268 163 165 88
pos2/frame-1440.jpg 1 200 169 144 89
pos2/frame-1470.jpg 1 120 165 164 94
pos2/frame-150.jpg 1 135 163 118 69
pos2/frame-1500.jpg 1 85 187 153 69
pos2/frame-1530.jpg 1 86 182 160 85
pos2/frame-1560.jpg 1 100 177 160 90
pos2/frame-1620.jpg 1 2 185 189 115
pos2/frame-1650.jpg 1 3 192 192 106
pos2/frame-1710.jpg 1 63 185 190 102
pos2/frame-1740.jpg 1 63 185 201 110
pos2/frame-1770.jpg 1 171 180 176 112
pos2/frame-180.jpg 1 128 167 129 67
pos2/frame-1800.jpg 1 258 172 189 116
pos2/frame-1830.jpg 1 367 165 189 119
pos2/frame-1860.jpg 1 451 157 184 119
pos2/frame-1980.jpg 1 499 152 138 131
pos2/frame-2010.jpg 1 523 172 114 138
pos2/frame-2040.jpg 1 437 162 197 145
pos2/frame-2070.jpg 1 451 169 187 129
pos2/frame-2100.jpg 1 347 183 221 129
pos2/frame-2130.jpg 1 217 188 223 131
pos2/frame-2160.jpg 1 94 200 228 117
pos2/frame-2190.jpg 1 4 211 213 114
pos2/frame-2220.jpg 1 2 207 136 112
pos2/frame-2250.jpg 1 3 202 118 116
pos2/frame-2280.jpg 1 8 205 149 136
pos2/frame-2310.jpg 1 3 204 179 139
pos2/frame-2340.jpg 1 4 212 137 138
pos2/frame-240.jpg 1 205 163 113 70
pos2/frame-2400.jpg 1 2 224 316 9
pos2/frame-2430.jpg 1 5 225 110 141
pos2/frame-2460.jpg 1 4 207 184 158
pos2/frame-2490.jpg 1 7 208 218 157
pos2/frame-2520.jpg 1 30 204 322 179
pos2/frame-2550.jpg 1 176 207 307 185
pos2/frame-2580.jpg 1 332 205 304 192
pos2/frame-270.jpg 1 261 161 114 68
pos2/frame-2700.jpg 1 444 211 8 7
pos2/frame-2790.jpg 1 330 213 41 16
pos2/frame-2820.jpg 1 300 202 333 260
pos2/frame-2850.jpg 1 123 224 451 239
pos2/frame-2880.jpg 1 2 270 298 187
pos2/frame-2910.jpg 1 4 262 149 191
pos2/frame-3090.jpg 1 6 269 228 191
pos2/frame-3120.jpg 1 7 272 454 194
pos2/frame-3150.jpg 1 218 284 417 177
pos2/frame-3240.jpg 1 362 255 273 207
pos2/frame-3270.jpg 1 395 229 240 235
pos2/frame-330.jpg 1 403 154 118 59
pos2/frame-3300.jpg 1 424 212 211 177
pos2/frame-3330.jpg 1 428 187 208 126
pos2/frame-3360.jpg 1 432 178 199 101
pos2/frame-360.jpg 1 370 144 149 76
pos2/frame-390.jpg 1 364 156 132 71
pos2/frame-420.jpg 1 364 156 129 71
pos2/frame-480.jpg 1 379 150 143 82
pos2/frame-510.jpg 1 361 147 144 79
pos2/frame-60.jpg 1 116 162 118 64
pos2/frame-630.jpg 1 337 154 133 84
pos2/frame-660.jpg 1 319 161 125 65
pos2/frame-690.jpg 1 301 156 139 73
pos2/frame-720.jpg 1 279 160 120 69
pos2/frame-750.jpg 1 222 160 125 68
pos2/frame-780.jpg 1 183 161 125 69
pos2/frame-810.jpg 1 176 161 130 68
pos2/frame-840.jpg 1 173 163 124 72
pos2/frame-870.jpg 1 185 161 128 75
pos2/frame-90.jpg 1 121 158 192 78
pos2/frame-900.jpg 1 185 148 134 89
pos2/frame-930.jpg 1 131 157 172 91
pos2/frame-960.jpg 1 124 161 153 91
pos2/frame-990.jpg 1 135 158 142 96
