pos1/rw-1.jpg 1 244 176 156 106
pos1/rw-2.jpg 1 242 175 160 108
pos1/rw-3.jpg 1 247 176 143 109
pos1/rw-4.jpg 1 452 240 174 118
pos1/rw-5.jpg 1 80 113 143 112
pos1/rw-6.jpg 1 79 113 144 112
pos1/rw-7.jpg 1 77 114 148 112
pos1/rw-8.jpg 1 69 113 163 117
pos1/rw-9.jpg 1 68 113 164 117
pos1/rw-10.jpg 1 70 113 153 115
pos1/rw-11.jpg 1 69 113 153 113
pos1/rw-12.jpg 1 121 116 147 105
pos1/rw-13.jpg 1 105 116 160 104
pos1/rw-14.jpg 1 107 115 155 103
pos1/rw-15.jpg 1 166 114 145 110
pos1/rw-16.jpg 1 184 109 150 106
pos1/rw-17.jpg 1 186 108 152 107
pos1/rw-18.jpg 1 194 110 145 105
pos1/rw-19.jpg 1 205 110 146 104
pos1/rw-20.jpg 1 206 110 147 104
pos1/rw-21.jpg 1 208 110 145 104
pos1/rw-22.jpg 1 210 110 146 104
pos1/rw-23.jpg 1 212 110 146 104
pos1/rw-24.jpg 1 213 110 148 104
pos1/rw-25.jpg 1 216 111 149 117
pos1/rw-26.jpg 1 217 111 148 104
pos1/rw-27.jpg 1 219 111 147 104
pos1/rw-28.jpg 1 221 111 146 104
pos1/rw-29.jpg 1 223 111 146 104
pos1/rw-30.jpg 1 226 110 147 104
pos1/rw-31.jpg 1 227 110 147 104
pos1/rw-32.jpg 1 229 110 146 104
pos1/rw-33.jpg 1 172 109 165 113
pos1/rw-34.jpg 1 176 109 162 113
pos1/rw-35.jpg 1 175 108 163 113
pos1/rw-36.jpg 1 179 108 159 113
pos1/rw-37.jpg 1 186 108 177 107
pos1/rw-38.jpg 1 189 108 148 107
pos1/rw-39.jpg 1 190 108 178 107
pos1/rw-40.jpg 1 196 108 159 107
pos1/rw-41.jpg 1 198 108 151 107
pos1/rw-42.jpg 1 199 107 151 108
pos1/rw-43.jpg 1 201 107 160 108
pos1/rw-44.jpg 1 203 107 153 104
pos1/rw-45.jpg 1 201 107 149 107
pos1/rw-46.jpg 1 200 107 167 111
pos1/rw-47.jpg 1 201 107 187 111
pos1/rw-48.jpg 1 199 106 195 117
pos1/rw-49.jpg 1 200 106 196 118
pos1/rw-50.jpg 1 201 106 198 118
pos1/rw-51.jpg 1 481 256 148 104
pos1/rw-52.jpg 1 470 244 150 113
pos1/rw-53.jpg 1 466 243 140 113
pos1/rw-54.jpg 1 473 243 139 113
pos1/rw-55.jpg 1 473 243 139 113
pos1/rw-56.jpg 1 469 243 143 113
pos1/rw-57.jpg 1 472 243 142 114
pos1/rw-58.jpg 1 467 243 147 114
pos1/rw-59.jpg 1 315 94 168 104
pos1/rw-60.jpg 1 313 94 170 105
pos1/rw-61.jpg 1 306 93 176 106
pos1/rw-62.jpg 1 309 93 172 107
pos1/rw-63.jpg 1 307 93 178 108
pos1/rw-64.jpg 1 301 93 182 109
pos1/rw-65.jpg 1 299 94 185 109
pos1/rw-66.jpg 1 298 93 184 110
pos1/rw-67.jpg 1 300 94 180 109
pos1/rw-68.jpg 1 297 94 182 109
pos1/rw-69.jpg 1 290 94 185 109
pos1/rw-70.jpg 1 286 94 189 109
pos1/rw-71.jpg 1 284 94 190 109
pos1/rw-72.jpg 1 283 94 190 109
pos1/rw-73.jpg 1 283 95 190 109
pos1/rw-74.jpg 1 282 94 190 110
pos1/rw-75.jpg 1 284 95 186 110
pos1/rw-76.jpg 1 282 95 187 110
pos1/rw-77.jpg 1 280 95 187 111
pos1/rw-78.jpg 1 277 95 189 112
pos1/rw-79.jpg 1 275 96 191 111
pos1/rw-80.jpg 1 274 96 192 111
pos1/rw-81.jpg 1 273 95 192 112
pos1/rw-82.jpg 1 272 95 193 113
pos1/rw-83.jpg 1 272 95 194 113
pos1/rw-84.jpg 1 271 95 195 114
pos1/rw-85.jpg 1 273 95 195 113
pos1/rw-86.jpg 1 273 95 194 113
pos1/rw-87.jpg 1 272 95 194 114
pos1/rw-88.jpg 1 272 95 194 114
pos1/rw-89.jpg 1 272 95 199 114
pos1/rw-90.jpg 1 270 95 201 116
pos1/rw-91.jpg 1 270 95 201 116
pos1/rw-92.jpg 1 270 94 203 117
pos1/rw-93.jpg 1 270 94 203 116
pos1/rw-94.jpg 1 270 98 204 114
pos1/rw-95.jpg 1 270 98 204 114
pos1/rw-96.jpg 1 270 98 204 114
pos1/rw-97.jpg 1 285 96 203 112
pos1/rw-98.jpg 1 286 96 202 112
pos1/rw-99.jpg 1 286 96 201 112
pos1/rw-100.jpg 1 286 96 201 112
pos1/rw-101.jpg 1 286 97 201 111
pos1/rw-102.jpg 1 286 97 200 111
pos1/rw-103.jpg 1 292 97 194 112
pos1/rw-104.jpg 1 291 97 194 112
pos1/rw-105.jpg 1 288 98 195 111
pos1/rw-106.jpg 1 288 98 195 111
pos1/rw-107.jpg 1 288 98 195 111
pos1/rw-108.jpg 1 288 98 195 111
pos1/rw-109.jpg 1 289 98 194 111
pos1/rw-110.jpg 1 278 101 216 131
pos1/rw-111.jpg 1 288 97 194 112
pos1/rw-112.jpg 1 278 101 214 130
pos1/rw-113.jpg 1 288 98 193 110
pos1/rw-114.jpg 1 278 101 214 131
pos1/rw-115.jpg 1 292 98 188 110
pos1/rw-116.jpg 1 277 101 215 129
pos1/rw-117.jpg 1 291 98 188 110
pos1/rw-118.jpg 1 277 101 212 130
pos1/rw-119.jpg 1 291 98 188 110
pos1/rw-120.jpg 1 277 102 210 126
pos1/rw-121.jpg 1 291 98 187 109
pos1/rw-122.jpg 1 278 102 208 125
pos1/rw-123.jpg 1 290 98 186 109
pos1/rw-124.jpg 1 276 102 208 120
pos1/rw-125.jpg 1 292 98 184 108
pos1/rw-126.jpg 1 276 102 208 120
pos1/rw-127.jpg 1 292 98 184 108
pos1/rw-128.jpg 1 276 102 208 120
pos1/rw-129.jpg 1 292 98 184 109
pos1/rw-130.jpg 1 276 102 208 119
pos1/rw-131.jpg 1 293 98 183 109
pos1/rw-132.jpg 1 276 102 208 119
pos1/rw-133.jpg 1 293 98 183 109
pos1/rw-134.jpg 1 276 102 208 119
pos1/rw-135.jpg 1 293 98 184 109
pos1/rw-136.jpg 1 278 104 203 117
pos1/rw-137.jpg 1 293 99 182 108
pos1/rw-138.jpg 1 278 104 203 117
pos1/rw-139.jpg 1 292 99 183 108
pos1/rw-140.jpg 1 277 104 204 115
pos1/rw-141.jpg 1 293 99 182 108
pos1/rw-142.jpg 1 277 108 194 110
pos1/rw-143.jpg 1 293 99 181 108
pos1/rw-144.jpg 1 310 109 161 109
pos1/rw-145.jpg 1 293 99 180 108
pos1/rw-146.jpg 1 310 112 151 106
pos1/rw-147.jpg 1 292 99 180 108
pos1/rw-148.jpg 1 275 108 183 110
pos1/rw-149.jpg 1 289 97 181 110
pos1/rw-150.jpg 1 304 111 152 106
pos1/rw-151.jpg 1 289 97 179 111
pos1/rw-152.jpg 1 273 108 177 109
pos1/rw-153.jpg 1 286 97 181 110
pos1/rw-154.jpg 1 271 107 197 111
pos1/rw-155.jpg 1 284 97 182 110
pos1/rw-156.jpg 1 268 102 205 117
pos1/rw-157.jpg 1 281 98 184 108
pos1/rw-158.jpg 1 280 97 186 109
pos1/rw-159.jpg 1 276 97 186 109
pos1/rw-160.jpg 1 275 97 188 108
pos1/rw-161.jpg 1 273 97 188 108
pos1/rw-162.jpg 1 273 97 187 108
pos1/rw-163.jpg 1 272 97 186 108
pos1/rw-164.jpg 1 271 97 187 108
pos1/rw-165.jpg 1 264 96 188 108
pos1/rw-166.jpg 1 263 96 189 108
pos1/rw-167.jpg 1 265 95 196 111
pos1/rw-168.jpg 1 265 95 200 111
pos1/rw-169.jpg 1 265 95 200 112
pos1/rw-170.jpg 1 265 95 201 112
pos1/rw-171.jpg 1 265 95 201 112
pos1/rw-172.jpg 1 265 95 203 113
pos1/rw-173.jpg 1 265 95 203 113
pos1/rw-174.jpg 1 127 110 159 116
pos1/rw-175.jpg 1 125 110 160 116
pos1/rw-176.jpg 1 124 110 161 116
pos1/rw-177.jpg 1 123 112 165 115
pos1/rw-178.jpg 1 121 110 168 117
pos1/rw-179.jpg 1 121 112 166 115
pos1/rw-180.jpg 1 111 111 167 114
pos1/rw-181.jpg 1 111 111 170 116
pos1/rw-182.jpg 1 111 111 171 116
pos1/rw-183.jpg 1 111 111 164 115
pos1/rw-184.jpg 1 119 113 156 112
pos1/rw-185.jpg 1 119 113 156 112
pos1/rw-186.jpg 1 115 111 168 118
pos1/rw-187.jpg 1 116 111 168 116
pos1/rw-188.jpg 1 116 111 168 116
pos1/rw-189.jpg 1 117 111 161 116
pos1/rw-190.jpg 1 117 111 166 116
pos1/rw-191.jpg 1 118 111 171 117
pos1/rw-192.jpg 1 118 111 171 117
pos1/rw-193.jpg 1 131 110 164 119
pos1/rw-194.jpg 1 132 110 163 120
pos1/rw-195.jpg 1 132 110 164 118
pos1/rw-196.jpg 1 133 110 163 117
pos1/rw-197.jpg 1 134 111 163 117
pos1/rw-198.jpg 1 135 111 162 115
pos1/rw-199.jpg 1 135 111 150 115
pos1/rw-200.jpg 1 136 111 149 115
pos1/rw-201.jpg 1 136 111 149 115
pos1/rw-202.jpg 1 137 111 148 114
pos1/rw-203.jpg 1 137 111 149 114
pos1/rw-204.jpg 1 138 111 148 114
pos1/rw-205.jpg 1 127 110 146 111
pos1/rw-206.jpg 1 138 111 148 114
pos1/rw-207.jpg 1 127 110 146 111
pos1/rw-208.jpg 1 139 112 148 113
pos1/rw-209.jpg 1 139 112 148 112
pos1/rw-210.jpg 1 140 113 147 111
pos1/rw-211.jpg 1 140 112 147 112
pos1/rw-212.jpg 1 141 113 146 111
pos1/rw-213.jpg 1 142 113 145 111
pos1/rw-214.jpg 1 124 113 164 109
pos1/rw-215.jpg 1 143 113 146 109
pos1/rw-216.jpg 1 127 113 161 109
pos1/rw-217.jpg 1 125 113 163 109
pos1/rw-218.jpg 1 140 113 149 108
pos1/rw-219.jpg 1 141 113 148 107
pos1/rw-220.jpg 1 123 115 148 105
pos1/rw-221.jpg 1 123 115 149 105
pos1/rw-222.jpg 1 125 115 148 105
pos1/rw-223.jpg 1 124 115 148 105
pos1/rw-224.jpg 1 121 116 151 103
pos1/rw-225.jpg 1 121 114 154 105
pos1/rw-226.jpg 1 123 114 152 105
pos1/rw-227.jpg 1 125 111 155 108
pos1/rw-228.jpg 1 126 111 156 108
pos1/rw-229.jpg 1 126 111 157 108
pos1/rw-230.jpg 1 126 111 158 108
pos1/rw-231.jpg 1 126 111 158 108
pos1/rw-232.jpg 1 126 111 159 108
pos1/rw-233.jpg 1 126 111 159 108
pos1/rw-234.jpg 1 126 111 158 108
pos1/rw-235.jpg 1 125 111 159 108
pos1/rw-236.jpg 1 122 111 163 109
pos1/rw-237.jpg 1 122 111 163 109
pos1/rw-238.jpg 1 122 111 163 109
pos1/rw-239.jpg 1 122 111 163 109
pos1/rw-240.jpg 1 122 111 163 109
pos1/rw-241.jpg 1 122 111 163 109
pos1/rw-242.jpg 1 122 111 163 109
pos1/rw-243.jpg 1 122 111 163 109
pos1/rw-244.jpg 1 122 111 163 109
pos1/rw-245.jpg 1 122 111 163 109
pos1/rw-246.jpg 1 122 111 163 109
pos1/rw-247.jpg 1 122 111 163 109
pos1/rw-248.jpg 1 120 109 187 110
pos1/rw-249.jpg 1 120 109 187 110
pos1/rw-250.jpg 1 120 109 187 110
pos1/rw-251.jpg 1 120 109 187 110
pos1/rw-252.jpg 1 120 109 187 110
pos1/rw-253.jpg 1 121 111 163 108
pos1/rw-254.jpg 1 120 111 163 108
pos1/rw-255.jpg 1 120 112 162 108
pos1/rw-256.jpg 1 120 112 162 108
pos1/rw-257.jpg 1 120 112 162 108
pos1/rw-258.jpg 1 119 112 163 108
pos1/rw-259.jpg 1 149 113 147 109
pos1/rw-260.jpg 1 117 112 165 109
pos1/rw-261.jpg 1 145 113 152 109
pos1/rw-262.jpg 1 114 111 169 111
pos1/rw-263.jpg 1 144 113 152 113
pos1/rw-264.jpg 1 113 111 170 111
pos1/rw-265.jpg 1 144 113 151 118
pos1/rw-266.jpg 1 111 111 172 113
pos1/rw-267.jpg 1 137 114 158 121
pos1/rw-268.jpg 1 110 111 173 119
pos1/rw-269.jpg 1 135 114 157 122
pos1/rw-270.jpg 1 110 110 173 123
pos1/rw-271.jpg 1 140 116 144 110
pos1/rw-272.jpg 1 110 110 173 123
pos1/rw-273.jpg 1 108 110 184 124
pos1/rw-274.jpg 1 106 110 185 124
pos1/rw-275.jpg 1 106 110 183 124
pos1/rw-276.jpg 1 102 110 187 124
pos1/rw-277.jpg 1 96 110 192 123
pos1/rw-278.jpg 1 92 110 196 123
pos1/rw-279.jpg 1 102 126 160 106
pos1/rw-280.jpg 1 93 112 194 119
pos1/rw-281.jpg 1 101 126 159 105
pos1/rw-282.jpg 1 93 112 193 118
pos1/rw-283.jpg 1 109 127 151 105
pos1/rw-284.jpg 1 91 112 193 119
pos1/rw-285.jpg 1 115 129 146 103
pos1/rw-286.jpg 1 87 112 196 120
pos1/rw-287.jpg 1 89 112 192 120
pos1/rw-288.jpg 1 88 112 193 121
pos1/rw-289.jpg 1 81 112 199 122
pos1/rw-290.jpg 1 80 113 199 126
pos1/rw-291.jpg 1 83 112 194 128
pos1/rw-292.jpg 1 129 118 148 119
pos1/rw-293.jpg 1 81 113 195 122
pos1/rw-294.jpg 1 128 118 146 120
pos1/rw-295.jpg 1 115 113 160 123
pos1/rw-296.jpg 1 119 119 157 126
pos1/rw-297.jpg 1 115 113 159 121
pos1/rw-298.jpg 1 129 118 142 117
pos1/rw-299.jpg 1 121 114 151 115
pos1/rw-300.jpg 1 128 118 142 118
pos1/rw-301.jpg 1 119 114 152 116
pos1/rw-302.jpg 1 128 119 141 116
pos1/rw-303.jpg 1 116 114 155 118
pos1/rw-304.jpg 1 127 119 140 116
pos1/rw-305.jpg 1 122 115 149 107
pos1/rw-306.jpg 1 126 121 139 115
pos1/rw-307.jpg 1 122 115 146 108
pos1/rw-308.jpg 1 126 120 140 115
pos1/rw-309.jpg 1 126 120 140 115
pos1/rw-310.jpg 1 126 120 140 115
pos1/rw-311.jpg 1 126 120 140 115
pos1/rw-312.jpg 1 126 120 140 115
pos1/rw-313.jpg 1 126 120 140 115
pos1/rw-314.jpg 1 126 119 145 116
pos1/rw-315.jpg 1 126 121 145 115
pos1/rw-316.jpg 1 119 116 151 116
pos1/rw-317.jpg 1 126 121 145 115
pos1/rw-318.jpg 1 119 116 151 116
pos1/rw-319.jpg 1 126 121 145 115
pos1/rw-320.jpg 1 119 116 151 116
pos1/rw-321.jpg 1 126 121 145 115
pos1/rw-322.jpg 1 119 116 150 116
pos1/rw-323.jpg 1 126 121 145 115
pos1/rw-324.jpg 1 118 116 151 116
pos1/rw-325.jpg 1 126 121 144 115
pos1/rw-326.jpg 1 118 116 152 116
pos1/rw-327.jpg 1 126 121 144 115
pos1/rw-328.jpg 1 117 116 153 116
pos1/rw-329.jpg 1 126 121 144 115
pos1/rw-330.jpg 1 117 116 153 116
pos1/rw-331.jpg 1 126 121 144 115
pos1/rw-332.jpg 1 117 116 153 116
pos1/rw-333.jpg 1 126 121 144 115
pos1/rw-334.jpg 1 117 116 153 116
pos1/rw-335.jpg 1 117 116 152 116
pos1/rw-336.jpg 1 117 115 152 117
pos1/rw-337.jpg 1 126 121 144 115
pos1/rw-338.jpg 1 88 115 181 118
pos1/rw-339.jpg 1 126 121 144 115
pos1/rw-340.jpg 1 88 115 181 118
pos1/rw-341.jpg 1 126 121 144 115
pos1/rw-342.jpg 1 88 115 181 118
pos1/rw-343.jpg 1 126 121 144 115
pos1/rw-344.jpg 1 88 115 181 118
pos1/rw-345.jpg 1 126 121 144 115
pos1/rw-346.jpg 1 88 115 182 118
pos1/rw-347.jpg 1 126 121 144 115
pos1/rw-348.jpg 1 88 115 182 118
pos1/rw-349.jpg 1 126 121 144 115
pos1/rw-350.jpg 1 88 115 182 118
pos1/rw-351.jpg 1 126 121 144 115
pos1/rw-352.jpg 1 88 115 181 118
pos1/rw-353.jpg 1 126 121 144 115
pos1/rw-354.jpg 1 88 115 181 118
pos1/rw-355.jpg 1 126 121 144 115
pos1/rw-356.jpg 1 88 115 181 118
pos1/rw-357.jpg 1 126 121 144 115
pos1/rw-358.jpg 1 88 115 181 118
pos1/rw-359.jpg 1 126 121 144 115
pos1/rw-360.jpg 1 88 115 181 118
pos1/rw-361.jpg 1 126 122 142 115
pos1/rw-362.jpg 1 91 115 179 118
pos1/rw-363.jpg 1 126 122 142 115
pos1/rw-364.jpg 1 91 115 179 118
pos1/rw-365.jpg 1 126 122 142 115
pos1/rw-366.jpg 1 91 115 179 118
pos1/rw-367.jpg 1 126 122 142 115
pos1/rw-368.jpg 1 91 115 179 118
pos1/rw-369.jpg 1 126 122 142 115
pos1/rw-370.jpg 1 91 115 179 118
pos1/rw-371.jpg 1 126 122 142 115
pos1/rw-372.jpg 1 90 115 180 118
pos1/rw-373.jpg 1 126 122 142 115
pos1/rw-374.jpg 1 90 115 180 118
pos1/rw-375.jpg 1 126 122 142 115
pos1/rw-376.jpg 1 90 115 180 118
pos1/rw-377.jpg 1 126 122 142 115
pos1/rw-378.jpg 1 91 115 179 118
pos1/rw-379.jpg 1 126 122 142 115
pos1/rw-380.jpg 1 91 115 179 118
pos1/rw-381.jpg 1 126 122 142 115
pos1/rw-382.jpg 1 91 115 179 118
pos1/rw-383.jpg 1 126 122 142 115
pos1/rw-384.jpg 1 91 115 179 118
pos1/rw-385.jpg 1 126 122 144 112
pos1/rw-386.jpg 1 84 115 186 117
pos1/rw-387.jpg 1 126 122 144 112
pos1/rw-388.jpg 1 84 115 186 117
pos1/rw-389.jpg 1 126 122 144 112
pos1/rw-390.jpg 1 84 115 186 117
pos1/rw-391.jpg 1 126 122 144 112
pos1/rw-392.jpg 1 84 115 186 117
pos1/rw-393.jpg 1 126 122 144 112
pos1/rw-394.jpg 1 84 115 186 117
pos1/rw-395.jpg 1 126 122 144 112
pos1/rw-396.jpg 1 84 115 186 117
pos1/rw-397.jpg 1 126 122 144 112
pos1/rw-398.jpg 1 84 115 186 117
pos1/rw-399.jpg 1 126 122 144 112
pos1/rw-400.jpg 1 84 115 186 117
pos1/rw-401.jpg 1 126 122 144 112
pos1/rw-402.jpg 1 84 115 186 117
pos1/rw-403.jpg 1 126 122 145 112
pos1/rw-404.jpg 1 85 116 184 116
pos1/rw-405.jpg 1 127 122 143 113
pos1/rw-406.jpg 1 86 115 182 117
pos1/rw-407.jpg 1 127 122 144 112
pos1/rw-408.jpg 1 87 115 182 117
pos1/rw-409.jpg 1 128 121 143 115
pos1/rw-410.jpg 1 83 115 188 119
pos1/rw-411.jpg 1 129 122 141 114
pos1/rw-412.jpg 1 85 115 186 119
pos1/rw-413.jpg 1 130 121 141 115
pos1/rw-414.jpg 1 85 115 187 119
pos1/rw-415.jpg 1 87 115 186 119
pos1/rw-416.jpg 1 132 121 147 118
pos1/rw-417.jpg 1 85 114 186 120
pos1/rw-418.jpg 1 134 121 145 122
pos1/rw-419.jpg 1 88 114 184 119
pos1/rw-420.jpg 1 88 114 184 118
pos1/rw-421.jpg 1 89 114 185 118
pos1/rw-422.jpg 1 90 115 185 117
pos1/rw-423.jpg 1 84 115 191 117
pos1/rw-424.jpg 1 90 136 153 102
pos1/rw-425.jpg 1 85 115 191 117
pos1/rw-426.jpg 1 82 135 165 104
pos1/rw-427.jpg 1 87 115 190 116
pos1/rw-428.jpg 1 101 135 167 107
pos1/rw-429.jpg 1 89 115 195 117
pos1/rw-430.jpg 1 102 134 168 107
pos1/rw-431.jpg 1 90 115 194 116
pos1/rw-432.jpg 1 110 134 159 104
pos1/rw-433.jpg 1 93 115 191 116
pos1/rw-434.jpg 1 102 134 169 104
pos1/rw-435.jpg 1 95 116 190 116
pos1/rw-436.jpg 1 97 116 189 115
pos1/rw-437.jpg 1 113 116 173 112
pos1/rw-438.jpg 1 98 136 147 108
pos1/rw-439.jpg 1 103 116 184 113
pos1/rw-440.jpg 1 100 135 146 109
pos1/rw-441.jpg 1 112 116 174 112
pos1/rw-442.jpg 1 101 135 148 110
pos1/rw-443.jpg 1 120 116 168 114
pos1/rw-444.jpg 1 100 135 152 110
pos1/rw-445.jpg 1 121 116 169 114
pos1/rw-446.jpg 1 121 116 170 114
pos1/rw-447.jpg 1 136 127 155 113
pos1/rw-448.jpg 1 122 117 172 112
pos1/rw-449.jpg 1 148 127 144 112
pos1/rw-450.jpg 1 113 116 183 115
pos1/rw-451.jpg 1 115 116 180 115
pos1/rw-452.jpg 1 151 128 144 111
pos1/rw-453.jpg 1 116 116 181 115
pos1/rw-454.jpg 1 145 127 152 112
pos1/rw-455.jpg 1 119 116 179 116
pos1/rw-456.jpg 1 140 127 158 112
pos1/rw-457.jpg 1 121 116 177 116
pos1/rw-458.jpg 1 141 128 158 111
pos1/rw-459.jpg 1 122 116 177 115
pos1/rw-460.jpg 1 140 128 158 110
pos1/rw-461.jpg 1 124 116 177 114
pos1/rw-462.jpg 1 114 129 184 110
pos1/rw-463.jpg 1 125 116 176 114
pos1/rw-464.jpg 1 115 130 183 110
pos1/rw-465.jpg 1 127 116 177 115
pos1/rw-466.jpg 1 114 130 184 110
pos1/rw-467.jpg 1 129 115 179 117
pos1/rw-468.jpg 1 113 127 197 114
pos1/rw-469.jpg 1 128 115 182 117
pos1/rw-470.jpg 1 114 126 196 115
pos1/rw-471.jpg 1 129 115 182 118
pos1/rw-472.jpg 1 127 115 183 117
pos1/rw-473.jpg 1 126 115 184 117
pos1/rw-474.jpg 1 126 115 187 117
pos1/rw-475.jpg 1 129 115 184 116
pos1/rw-476.jpg 1 131 115 184 115
pos1/rw-477.jpg 1 132 115 184 114
pos1/rw-478.jpg 1 143 115 173 114
pos1/rw-479.jpg 1 146 115 171 115
pos1/rw-480.jpg 1 149 116 171 113
pos1/rw-481.jpg 1 153 116 169 113
pos1/rw-482.jpg 1 155 116 166 114
pos1/rw-483.jpg 1 99 119 207 122
pos1/rw-484.jpg 1 158 116 163 113
pos1/rw-485.jpg 1 105 119 201 120
pos1/rw-486.jpg 1 161 116 163 113
pos1/rw-487.jpg 1 103 119 205 120
pos1/rw-488.jpg 1 163 116 161 112
pos1/rw-489.jpg 1 107 119 203 118
pos1/rw-490.jpg 1 164 116 160 111
pos1/rw-491.jpg 1 107 119 203 118
pos1/rw-492.jpg 1 164 116 160 111
pos1/rw-493.jpg 1 106 119 204 117
pos1/rw-494.jpg 1 161 116 163 110
pos1/rw-495.jpg 1 107 119 202 116
pos1/rw-496.jpg 1 162 116 164 109
pos1/rw-497.jpg 1 107 119 202 116
pos1/rw-498.jpg 1 163 116 163 109
pos1/rw-499.jpg 1 107 119 202 116
pos1/rw-500.jpg 1 163 116 163 109
pos1/rw-501.jpg 1 107 119 202 116
pos1/rw-502.jpg 1 162 116 164 109
pos1/rw-503.jpg 1 107 119 202 116
pos1/rw-504.jpg 1 162 116 163 109
pos1/rw-505.jpg 1 107 119 202 116
pos1/rw-506.jpg 1 162 116 163 109
pos1/rw-507.jpg 1 107 119 202 116
pos1/rw-508.jpg 1 162 116 163 110
pos1/rw-509.jpg 1 112 119 183 109
pos1/rw-510.jpg 1 162 116 166 110
pos1/rw-511.jpg 1 112 119 183 109
pos1/rw-512.jpg 1 162 116 166 110
pos1/rw-513.jpg 1 112 119 183 109
pos1/rw-514.jpg 1 162 116 166 110
pos1/rw-515.jpg 1 112 119 183 109
pos1/rw-516.jpg 1 162 116 166 110
pos1/rw-517.jpg 1 112 119 183 109
pos1/rw-518.jpg 1 162 116 166 110
pos1/rw-519.jpg 1 112 119 183 109
pos1/rw-520.jpg 1 162 116 166 110
pos1/rw-521.jpg 1 112 119 183 109
pos1/rw-522.jpg 1 162 116 166 110
pos1/rw-523.jpg 1 112 119 183 109
pos1/rw-524.jpg 1 162 116 166 110
pos1/rw-525.jpg 1 112 119 183 109
pos1/rw-526.jpg 1 162 116 166 110
pos1/rw-527.jpg 1 110 119 185 108
pos1/rw-528.jpg 1 162 116 166 110
pos1/rw-529.jpg 1 110 119 185 108
pos1/rw-530.jpg 1 162 116 164 110
pos1/rw-531.jpg 1 110 119 199 114
pos1/rw-532.jpg 1 162 116 164 110
pos1/rw-533.jpg 1 112 119 199 115
pos1/rw-534.jpg 1 162 116 162 110
pos1/rw-535.jpg 1 112 119 199 115
pos1/rw-536.jpg 1 162 116 162 110
pos1/rw-537.jpg 1 112 119 199 115
pos1/rw-538.jpg 1 162 116 162 110
pos1/rw-539.jpg 1 112 119 199 115
pos1/rw-540.jpg 1 162 116 162 110
pos1/rw-541.jpg 1 112 119 199 115
pos1/rw-542.jpg 1 162 116 162 110
pos1/rw-543.jpg 1 112 119 199 115
pos1/rw-544.jpg 1 162 116 162 110
pos1/rw-545.jpg 1 112 119 199 115
pos1/rw-546.jpg 1 162 116 162 110
pos1/rw-547.jpg 1 112 119 199 115
pos1/rw-548.jpg 1 162 116 163 110
pos1/rw-549.jpg 1 112 119 199 115
pos1/rw-550.jpg 1 162 116 163 110
pos1/rw-551.jpg 1 112 119 199 115
pos1/rw-552.jpg 1 162 116 163 110
pos1/rw-553.jpg 1 112 119 199 115
pos1/rw-554.jpg 1 162 116 163 110
pos1/rw-555.jpg 1 112 119 199 115
pos1/rw-556.jpg 1 162 116 163 110
pos1/rw-557.jpg 1 110 119 200 115
pos1/rw-558.jpg 1 162 116 161 109
pos1/rw-559.jpg 1 110 119 200 115
pos1/rw-560.jpg 1 162 116 161 109
pos1/rw-561.jpg 1 110 119 200 115
pos1/rw-562.jpg 1 162 116 161 109
pos1/rw-563.jpg 1 110 119 200 115
pos1/rw-564.jpg 1 162 116 161 109
pos1/rw-565.jpg 1 110 119 200 115
pos1/rw-566.jpg 1 162 116 162 109
pos1/rw-567.jpg 1 110 119 200 115
pos1/rw-568.jpg 1 162 116 162 109
pos1/rw-569.jpg 1 111 119 199 115
pos1/rw-570.jpg 1 163 116 161 109
pos1/rw-571.jpg 1 112 119 199 115
pos1/rw-572.jpg 1 164 116 161 109
pos1/rw-573.jpg 1 113 118 200 116
pos1/rw-574.jpg 1 164 116 162 110
pos1/rw-575.jpg 1 114 118 200 116
pos1/rw-576.jpg 1 166 115 162 111
pos1/rw-577.jpg 1 115 118 201 115
pos1/rw-578.jpg 1 168 115 161 112
pos1/rw-579.jpg 1 118 118 200 114
pos1/rw-580.jpg 1 171 115 160 111
pos1/rw-581.jpg 1 122 118 198 113
pos1/rw-582.jpg 1 174 115 161 111
pos1/rw-583.jpg 1 126 117 197 113
pos1/rw-584.jpg 1 177 115 160 111
pos1/rw-585.jpg 1 166 120 159 109
pos1/rw-586.jpg 1 181 115 158 110
pos1/rw-587.jpg 1 170 120 157 109
pos1/rw-588.jpg 1 184 115 157 110
pos1/rw-589.jpg 1 130 117 156 108
pos1/rw-590.jpg 1 185 115 159 110
pos1/rw-591.jpg 1 132 117 157 108
pos1/rw-592.jpg 1 187 115 158 109
pos1/rw-593.jpg 1 134 116 156 109
pos1/rw-594.jpg 1 190 115 158 109
pos1/rw-595.jpg 1 138 116 156 105
pos1/rw-596.jpg 1 195 115 159 109
pos1/rw-597.jpg 1 145 116 150 106
pos1/rw-598.jpg 1 198 115 158 109
pos1/rw-599.jpg 1 147 116 150 106
pos1/rw-600.jpg 1 200 115 157 109
pos1/rw-601.jpg 1 149 115 151 103
pos1/rw-602.jpg 1 200 115 159 108
pos1/rw-603.jpg 1 150 115 152 103
pos1/rw-604.jpg 1 202 114 158 109
pos1/rw-605.jpg 1 151 115 195 113
pos1/rw-606.jpg 1 205 114 157 109
pos1/rw-607.jpg 1 153 115 195 113
pos1/rw-608.jpg 1 207 114 157 109
pos1/rw-609.jpg 1 154 115 195 113
pos1/rw-610.jpg 1 209 115 157 108
pos1/rw-611.jpg 1 156 115 192 113
pos1/rw-612.jpg 1 211 114 157 109
pos1/rw-613.jpg 1 157 115 191 113
pos1/rw-614.jpg 1 213 115 157 108
pos1/rw-615.jpg 1 159 115 191 113
pos1/rw-616.jpg 1 215 114 156 109
pos1/rw-617.jpg 1 161 115 188 113
pos1/rw-618.jpg 1 217 114 156 109
pos1/rw-619.jpg 1 162 115 188 113
pos1/rw-620.jpg 1 219 114 155 109
pos1/rw-621.jpg 1 164 115 188 113
pos1/rw-622.jpg 1 221 114 155 109
pos1/rw-623.jpg 1 167 114 183 114
pos1/rw-624.jpg 1 223 114 154 108
pos1/rw-625.jpg 1 170 115 182 113
pos1/rw-626.jpg 1 225 114 154 108
pos1/rw-627.jpg 1 172 115 180 110
pos1/rw-628.jpg 1 228 114 154 108
pos1/rw-629.jpg 1 199 115 158 111
pos1/rw-630.jpg 1 236 114 153 107
pos1/rw-631.jpg 1 200 116 159 110
pos1/rw-632.jpg 1 236 113 153 108
pos1/rw-633.jpg 1 202 115 157 111
pos1/rw-634.jpg 1 236 113 154 107
pos1/rw-635.jpg 1 204 115 157 109
pos1/rw-636.jpg 1 245 115 146 105
pos1/rw-637.jpg 1 206 115 155 109
pos1/rw-638.jpg 1 205 114 158 110
pos1/rw-639.jpg 1 251 116 145 104
pos1/rw-640.jpg 1 206 114 160 110
pos1/rw-641.jpg 1 253 116 145 104
pos1/rw-642.jpg 1 188 113 180 113
pos1/rw-643.jpg 1 253 114 148 106
pos1/rw-644.jpg 1 190 113 181 118
pos1/rw-645.jpg 1 254 113 151 107
pos1/rw-646.jpg 1 186 113 187 117
pos1/rw-647.jpg 1 253 112 155 108
pos1/rw-648.jpg 1 187 113 214 119
pos1/rw-649.jpg 1 256 112 156 108
pos1/rw-650.jpg 1 259 112 159 112
pos1/rw-651.jpg 1 264 111 151 108
pos1/rw-652.jpg 1 267 111 152 107
pos1/rw-653.jpg 1 254 110 195 172
pos1/rw-654.jpg 1 254 110 195 173
pos1/rw-655.jpg 1 254 110 194 173
pos1/rw-656.jpg 1 254 110 195 173
pos1/rw-657.jpg 1 254 127 195 156
pos1/rw-658.jpg 1 287 110 147 105
pos1/rw-659.jpg 1 289 110 146 104
pos1/rw-660.jpg 1 147 119 151 108
pos1/rw-661.jpg 1 136 120 150 106
pos1/rw-662.jpg 1 134 120 150 106
pos1/rw-663.jpg 1 56 124 192 123
pos1/rw-664.jpg 1 69 124 175 110
pos1/rw-665.jpg 1 68 125 159 107
pos1/rw-666.jpg 1 63 125 169 108
pos1/rw-667.jpg 1 49 126 170 121
pos1/rw-668.jpg 1 63 126 155 106
pos1/rw-669.jpg 1 63 126 154 105
pos1/rw-670.jpg 1 55 125 168 106
pos1/rw-671.jpg 1 60 128 154 119
pos1/rw-672.jpg 1 60 128 154 119
pos1/rw-673.jpg 1 51 127 153 105
pos1/rw-674.jpg 1 22 143 147 102
pos1/rw-675.jpg 1 24 139 150 106
pos1/rw-676.jpg 1 30 128 156 116
pos1/rw-677.jpg 1 32 127 159 116
pos1/rw-678.jpg 1 35 126 163 115
pos1/rw-679.jpg 1 37 126 163 115
pos1/rw-680.jpg 1 38 125 167 115
pos1/rw-681.jpg 1 44 125 164 115
pos1/rw-682.jpg 1 40 125 171 114
pos1/rw-683.jpg 1 40 124 174 115
pos1/rw-684.jpg 1 29 128 209 129
pos1/rw-685.jpg 1 39 124 174 113
pos1/rw-686.jpg 1 29 127 210 130
pos1/rw-687.jpg 1 40 124 173 113
pos1/rw-688.jpg 1 30 127 209 130
pos1/rw-689.jpg 1 40 124 173 113
pos1/rw-690.jpg 1 30 128 210 129
pos1/rw-691.jpg 1 42 124 172 113
pos1/rw-692.jpg 1 30 128 209 123
pos1/rw-693.jpg 1 42 124 172 113
pos1/rw-694.jpg 1 39 128 200 122
pos1/rw-695.jpg 1 44 124 170 113
pos1/rw-696.jpg 1 47 128 192 119
pos1/rw-697.jpg 1 44 125 169 112
pos1/rw-698.jpg 1 47 128 191 119
pos1/rw-699.jpg 1 44 125 169 112
pos1/rw-700.jpg 1 44 125 169 112
pos1/rw-701.jpg 1 45 125 168 112
pos1/rw-702.jpg 1 45 124 171 113
pos1/rw-703.jpg 1 43 124 173 113
pos1/rw-704.jpg 1 75 142 146 108
pos1/rw-705.jpg 1 43 125 176 121
pos1/rw-706.jpg 1 75 142 146 108
pos1/rw-707.jpg 1 43 125 176 121
pos1/rw-708.jpg 1 75 142 146 108
pos1/rw-709.jpg 1 43 125 176 120
pos1/rw-710.jpg 1 75 142 146 109
pos1/rw-711.jpg 1 44 125 175 121
pos1/rw-712.jpg 1 43 124 180 122
pos1/rw-713.jpg 1 40 124 183 122
pos1/rw-714.jpg 1 38 124 185 122
pos1/rw-715.jpg 1 38 124 185 122
pos1/rw-716.jpg 1 38 124 185 123
pos1/rw-717.jpg 1 35 124 188 123
pos1/rw-718.jpg 1 32 124 190 124
pos1/rw-719.jpg 1 32 124 190 125
pos1/rw-720.jpg 1 32 125 190 122
pos1/rw-721.jpg 1 31 125 191 124
pos1/rw-722.jpg 1 71 147 137 115
pos1/rw-723.jpg 1 28 125 193 124
pos1/rw-724.jpg 1 27 125 194 125
pos1/rw-725.jpg 1 69 147 137 118
pos1/rw-726.jpg 1 25 125 187 131
pos1/rw-727.jpg 1 68 146 138 120
pos1/rw-728.jpg 1 24 126 187 125
pos1/rw-729.jpg 1 22 125 187 125
pos1/rw-730.jpg 1 63 139 141 117
pos1/rw-731.jpg 1 29 125 177 126
pos1/rw-732.jpg 1 59 143 144 113
pos1/rw-733.jpg 1 26 125 180 126
pos1/rw-734.jpg 1 48 131 179 124
pos1/rw-735.jpg 1 23 126 181 126
pos1/rw-736.jpg 1 47 132 178 122
pos1/rw-737.jpg 1 20 126 184 127
pos1/rw-738.jpg 1 46 131 177 133
pos1/rw-739.jpg 1 26 127 176 126
pos1/rw-740.jpg 1 42 128 180 142
pos1/rw-741.jpg 1 28 128 173 113
pos1/rw-742.jpg 1 40 129 181 141
pos1/rw-743.jpg 1 28 128 173 113
pos1/rw-744.jpg 1 39 129 179 144
pos1/rw-745.jpg 1 28 128 173 113
pos1/rw-746.jpg 1 37 133 179 139
pos1/rw-747.jpg 1 25 129 175 112
pos1/rw-748.jpg 1 35 129 180 143
pos1/rw-749.jpg 1 28 129 179 115
pos1/rw-750.jpg 1 35 130 178 143
pos1/rw-751.jpg 1 25 128 187 116
pos1/rw-752.jpg 1 33 130 178 144
pos1/rw-753.jpg 1 25 129 183 112
pos1/rw-754.jpg 1 34 131 176 141
pos1/rw-755.jpg 1 28 133 155 105
pos1/rw-756.jpg 1 32 132 176 130
pos1/rw-757.jpg 1 28 134 149 104
pos1/rw-758.jpg 1 27 139 180 124
pos1/rw-759.jpg 1 24 138 180 125
pos1/rw-760.jpg 1 26 138 175 126
pos1/rw-761.jpg 1 7 138 189 131
pos1/rw-762.jpg 1 7 138 186 131
pos1/rw-772.jpg 1 79 139 184 119
pos1/rw-773.jpg 1 80 139 182 119
pos1/rw-774.jpg 1 80 139 182 119
pos1/rw-775.jpg 1 80 139 182 119
pos1/rw-776.jpg 1 80 140 181 118
pos1/rw-777.jpg 1 80 138 183 120
pos1/rw-778.jpg 1 82 137 180 121
pos1/rw-779.jpg 1 82 137 180 121
pos1/rw-780.jpg 1 82 137 180 121
pos1/rw-781.jpg 1 82 137 180 121
pos1/rw-782.jpg 1 82 137 180 121
pos1/rw-783.jpg 1 82 140 180 118
pos1/rw-784.jpg 1 82 140 180 119
pos1/rw-785.jpg 1 82 139 178 120
pos1/rw-786.jpg 1 82 139 178 120
pos1/rw-787.jpg 1 82 139 178 119
pos1/rw-788.jpg 1 82 140 177 118
pos1/rw-789.jpg 1 82 140 177 118
pos1/rw-790.jpg 1 84 140 175 118
pos1/rw-791.jpg 1 84 140 175 118
pos1/rw-792.jpg 1 84 140 175 118
pos1/rw-793.jpg 1 84 140 176 118
pos1/rw-794.jpg 1 84 140 176 118
pos1/rw-795.jpg 1 84 140 177 118
pos1/rw-796.jpg 1 82 140 180 118
pos1/rw-797.jpg 1 83 140 179 118
pos1/rw-798.jpg 1 83 140 179 117
pos1/rw-799.jpg 1 83 140 179 117
pos1/rw-800.jpg 1 83 140 179 117
pos1/rw-801.jpg 1 83 140 179 117
pos1/rw-802.jpg 1 82 139 178 119
pos1/rw-803.jpg 1 82 139 178 119
pos1/rw-804.jpg 1 82 139 178 119
pos1/rw-805.jpg 1 82 139 179 119
pos1/rw-806.jpg 1 82 139 179 119
pos1/rw-807.jpg 1 82 139 179 119
pos1/rw-808.jpg 1 83 139 179 119
pos1/rw-809.jpg 1 83 139 179 119
pos1/rw-810.jpg 1 83 139 179 119
pos1/rw-811.jpg 1 83 139 179 119
pos1/rw-812.jpg 1 84 139 178 120
pos1/rw-813.jpg 1 85 139 178 127
pos1/rw-814.jpg 1 86 139 178 118
pos1/rw-815.jpg 1 88 139 178 119
pos1/rw-816.jpg 1 91 138 177 120
pos1/rw-817.jpg 1 92 138 178 120
pos1/rw-818.jpg 1 96 138 176 120
pos1/rw-819.jpg 1 100 137 176 121
pos1/rw-820.jpg 1 103 137 176 121
pos1/rw-821.jpg 1 108 137 174 122
pos1/rw-822.jpg 1 111 137 173 122
pos1/rw-823.jpg 1 118 136 172 123
pos1/rw-824.jpg 1 121 136 172 123
pos1/rw-825.jpg 1 123 135 175 124
pos1/rw-826.jpg 1 129 133 170 125
pos1/rw-827.jpg 1 132 133 168 124
pos1/rw-828.jpg 1 135 132 167 125
pos1/rw-829.jpg 1 136 132 167 124
pos1/rw-830.jpg 1 138 133 168 123
pos1/rw-831.jpg 1 141 132 168 123
pos1/rw-832.jpg 1 62 139 184 124
pos1/rw-833.jpg 1 104 132 208 122
pos1/rw-834.jpg 1 64 138 185 123
pos1/rw-835.jpg 1 105 131 208 123
pos1/rw-836.jpg 1 105 131 210 122
pos1/rw-837.jpg 1 113 145 197 121
pos1/rw-838.jpg 1 113 131 204 121
pos1/rw-839.jpg 1 116 145 197 120
pos1/rw-840.jpg 1 116 131 201 121
pos1/rw-841.jpg 1 118 141 197 123
pos1/rw-842.jpg 1 119 131 202 121
pos1/rw-843.jpg 1 127 129 193 122
pos1/rw-844.jpg 1 120 142 202 124
pos1/rw-845.jpg 1 127 129 196 122
pos1/rw-846.jpg 1 124 142 200 124
pos1/rw-847.jpg 1 129 129 196 122
pos1/rw-848.jpg 1 126 142 201 124
pos1/rw-849.jpg 1 134 129 195 122
pos1/rw-850.jpg 1 129 142 200 123
pos1/rw-851.jpg 1 134 129 198 122
pos1/rw-852.jpg 1 126 142 207 123
pos1/rw-853.jpg 1 136 129 174 108
pos1/rw-854.jpg 1 137 140 198 123
pos1/rw-855.jpg 1 141 130 165 103
pos1/rw-856.jpg 1 131 140 207 126
pos1/rw-857.jpg 1 145 130 157 102
pos1/rw-858.jpg 1 134 140 208 125
pos1/rw-859.jpg 1 137 141 207 124
pos1/rw-860.jpg 1 162 131 147 101
pos1/rw-861.jpg 1 111 137 235 127
pos1/rw-862.jpg 1 114 137 235 127
pos1/rw-863.jpg 1 119 138 234 119
pos1/rw-864.jpg 1 122 138 234 119
pos1/rw-865.jpg 1 125 137 234 119
pos1/rw-866.jpg 1 129 137 232 119
pos1/rw-867.jpg 1 134 137 230 119
pos1/rw-868.jpg 1 181 141 186 115
pos1/rw-869.jpg 1 185 141 186 114
pos1/rw-870.jpg 1 152 136 171 113
pos1/rw-871.jpg 1 154 136 170 113
pos1/rw-872.jpg 1 157 136 171 113
pos1/rw-873.jpg 1 218 140 172 111
pos1/rw-874.jpg 1 220 140 172 111
pos1/rw-875.jpg 1 223 140 172 110
pos1/rw-876.jpg 1 170 136 171 114
pos1/rw-877.jpg 1 231 140 170 109
pos1/rw-878.jpg 1 176 135 170 117
pos1/rw-879.jpg 1 178 134 173 118
pos1/rw-880.jpg 1 180 134 178 117
pos1/rw-881.jpg 1 182 133 181 118
pos1/rw-882.jpg 1 185 133 176 117
pos1/rw-883.jpg 1 183 134 162 117
pos1/rw-884.jpg 1 185 133 160 115
pos1/rw-885.jpg 1 255 137 168 112
pos1/rw-886.jpg 1 258 137 168 111
pos1/rw-887.jpg 1 261 136 167 111
pos1/rw-888.jpg 1 264 137 166 110
pos1/rw-889.jpg 1 269 137 165 110
pos1/rw-890.jpg 1 272 137 164 110
pos1/rw-891.jpg 1 277 137 164 109
pos1/rw-892.jpg 1 278 136 165 110
pos1/rw-893.jpg 1 284 137 160 109
pos1/rw-894.jpg 1 287 137 161 109
pos1/rw-895.jpg 1 291 136 162 110
pos1/rw-896.jpg 1 294 136 161 110
pos1/rw-897.jpg 1 303 135 156 111
pos1/rw-898.jpg 1 476 169 153 106
pos1/rw-899.jpg 1 305 135 156 111
pos1/rw-900.jpg 1 476 169 153 106
pos1/rw-901.jpg 1 308 134 159 111
pos1/rw-902.jpg 1 476 169 153 106
pos1/rw-903.jpg 1 310 134 161 111
pos1/rw-904.jpg 1 476 169 153 106
pos1/rw-905.jpg 1 312 133 163 112
pos1/rw-906.jpg 1 476 169 153 106
pos1/rw-907.jpg 1 314 133 165 112
pos1/rw-908.jpg 1 476 169 153 106
pos1/rw-909.jpg 1 327 133 153 112
pos1/rw-910.jpg 1 476 169 153 106
pos1/rw-911.jpg 1 320 133 164 112
pos1/rw-912.jpg 1 476 169 153 106
pos1/rw-913.jpg 1 476 169 153 106
pos1/rw-914.jpg 1 337 133 151 112
pos1/rw-915.jpg 1 476 169 153 106
pos1/rw-916.jpg 1 475 169 154 106
pos1/rw-917.jpg 1 334 131 161 113
pos1/rw-918.jpg 1 475 169 154 106
pos1/rw-919.jpg 1 349 131 148 111
pos1/rw-920.jpg 1 352 131 148 111
pos1/rw-921.jpg 1 356 130 148 112
pos1/rw-922.jpg 1 359 129 151 113
pos1/rw-923.jpg 1 362 128 152 114
pos1/rw-924.jpg 1 367 128 149 113
pos1/rw-925.jpg 1 370 129 148 111
pos1/rw-926.jpg 1 373 126 147 113
pos1/rw-927.jpg 1 375 126 147 112
pos1/rw-928.jpg 1 377 126 149 113
pos1/rw-929.jpg 1 476 165 153 110
pos1/rw-930.jpg 1 382 127 148 112
pos1/rw-931.jpg 1 466 164 163 115
pos1/rw-932.jpg 1 364 116 178 122
pos1/rw-933.jpg 1 419 226 210 138
pos1/rw-934.jpg 1 386 104 195 129
pos1/rw-935.jpg 1 386 104 202 129
pos1/rw-936.jpg 1 420 209 209 157
pos1/rw-937.jpg 1 420 157 209 211
pos1/rw-938.jpg 1 420 164 209 204
pos1/rw-939.jpg 1 366 105 263 142
pos1/rw-940.jpg 1 366 105 263 142
pos1/rw-941.jpg 1 367 105 262 142
pos1/rw-942.jpg 1 371 105 258 142
pos1/rw-943.jpg 1 372 105 257 141
pos1/rw-944.jpg 1 374 105 255 139
pos1/rw-945.jpg 1 375 102 254 140
pos1/rw-946.jpg 1 376 103 253 139
pos1/rw-947.jpg 1 384 103 245 139
pos1/rw-948.jpg 1 386 104 243 138
pos1/rw-949.jpg 1 388 104 241 139
pos1/rw-950.jpg 1 390 105 239 139
pos1/rw-951.jpg 1 392 106 237 138
pos1/rw-952.jpg 1 394 106 235 139
pos1/rw-953.jpg 1 399 106 230 140
pos1/rw-954.jpg 1 401 107 228 138
pos1/rw-955.jpg 1 410 107 219 135
pos1/rw-956.jpg 1 413 106 216 136
pos1/rw-957.jpg 1 414 107 215 135
pos1/rw-958.jpg 1 417 108 212 133
pos1/rw-959.jpg 1 420 114 209 129
pos1/rw-960.jpg 1 423 114 206 129
pos1/rw-961.jpg 1 425 116 204 126
pos1/rw-962.jpg 1 454 227 175 137
pos1/rw-963.jpg 1 428 117 201 126
pos1/rw-964.jpg 1 454 227 175 137
pos1/rw-965.jpg 1 430 119 199 123
pos1/rw-966.jpg 1 454 228 175 136
pos1/rw-967.jpg 1 432 120 197 121
pos1/rw-968.jpg 1 467 230 162 134
pos1/rw-969.jpg 1 432 120 197 120
pos1/rw-970.jpg 1 467 240 162 123
pos1/rw-971.jpg 1 431 120 198 120
pos1/rw-972.jpg 1 467 243 162 120
pos1/rw-973.jpg 1 430 121 199 122
pos1/rw-974.jpg 1 467 243 162 120
pos1/rw-975.jpg 1 430 121 199 122
pos1/rw-976.jpg 1 467 227 162 136
pos1/rw-977.jpg 1 429 121 200 122
pos1/rw-978.jpg 1 429 121 200 122
pos1/rw-979.jpg 1 436 227 193 136
pos1/rw-980.jpg 1 430 121 199 122
pos1/rw-981.jpg 1 436 227 193 136
pos1/rw-982.jpg 1 430 121 199 122
pos1/rw-983.jpg 1 436 227 193 133
pos1/rw-984.jpg 1 431 120 198 123
pos1/rw-985.jpg 1 458 240 171 123
pos1/rw-986.jpg 1 431 120 198 123
pos1/rw-987.jpg 1 458 240 171 123
pos1/rw-988.jpg 1 431 120 198 123
pos1/rw-989.jpg 1 458 240 171 123
pos1/rw-990.jpg 1 431 120 198 123
pos1/rw-991.jpg 1 458 240 171 123
pos1/rw-992.jpg 1 431 120 198 123
pos1/rw-993.jpg 1 458 240 171 123
pos1/rw-994.jpg 1 429 121 200 125
pos1/rw-995.jpg 1 467 241 162 121
pos1/rw-996.jpg 1 430 121 199 125
pos1/rw-997.jpg 1 467 242 162 120
pos1/rw-998.jpg 1 430 122 199 124
pos1/rw-999.jpg 1 467 242 162 120
pos1/rw-1000.jpg 1 431 122 198 125
pos1/rw-1001.jpg 1 467 241 162 121
pos1/rw-1002.jpg 1 431 123 198 127
pos1/rw-1003.jpg 1 467 241 162 121
pos1/rw-1004.jpg 1 430 123 199 135
pos1/rw-1005.jpg 1 429 123 200 139
pos1/rw-1006.jpg 1 427 123 202 139
pos1/rw-1007.jpg 1 426 123 203 140
pos1/rw-1008.jpg 1 426 124 203 149
pos1/rw-1009.jpg 1 464 128 165 112
pos1/rw-1010.jpg 1 425 124 204 149
pos1/rw-1011.jpg 1 463 128 166 113
pos1/rw-1012.jpg 1 424 125 205 146
pos1/rw-1013.jpg 1 423 125 206 142
pos1/rw-1014.jpg 1 422 125 207 140
pos1/rw-1015.jpg 1 420 125 209 137
pos1/rw-1016.jpg 1 419 125 210 136
pos1/rw-1017.jpg 1 418 125 211 137
pos1/rw-1018.jpg 1 415 125 214 136
pos1/rw-1019.jpg 1 415 125 214 136
pos1/rw-1020.jpg 1 413 124 216 137
pos1/rw-1021.jpg 1 410 124 219 136
pos1/rw-1022.jpg 1 408 124 221 136
pos1/rw-1023.jpg 1 407 124 222 136
pos1/rw-1024.jpg 1 404 124 225 136
pos1/rw-1025.jpg 1 400 124 229 136
pos1/rw-1026.jpg 1 396 124 233 135
pos1/rw-1027.jpg 1 418 128 211 111
pos1/rw-1028.jpg 1 396 124 233 135
pos1/rw-1029.jpg 1 420 128 209 111
pos1/rw-1030.jpg 1 395 124 234 135
pos1/rw-1031.jpg 1 395 124 234 132
pos1/rw-1032.jpg 1 393 124 236 132
pos1/rw-1033.jpg 1 392 123 237 133
pos1/rw-1034.jpg 1 389 123 240 134
pos1/rw-1035.jpg 1 389 123 240 134
pos1/rw-1036.jpg 1 386 123 243 133
pos1/rw-1037.jpg 1 420 236 209 126
pos1/rw-1038.jpg 1 378 123 251 133
pos1/rw-1039.jpg 1 376 124 253 133
pos1/rw-1040.jpg 1 420 237 209 124
pos1/rw-1041.jpg 1 373 124 256 133
pos1/rw-1042.jpg 1 421 237 208 124
pos1/rw-1043.jpg 1 369 126 260 131
pos1/rw-1044.jpg 1 420 236 209 125
pos1/rw-1045.jpg 1 388 124 241 129
pos1/rw-1046.jpg 1 420 236 209 125
pos1/rw-1047.jpg 1 389 123 240 130
pos1/rw-1048.jpg 1 396 123 233 129
pos1/rw-1049.jpg 1 421 239 208 122
pos1/rw-1050.jpg 1 367 123 262 133
pos1/rw-1051.jpg 1 420 239 209 122
pos1/rw-1052.jpg 1 374 123 255 132
pos1/rw-1053.jpg 1 373 123 256 132
pos1/rw-1054.jpg 1 371 123 258 132
pos1/rw-1055.jpg 1 369 123 260 132
pos1/rw-1056.jpg 1 365 123 259 131
pos1/rw-1057.jpg 1 363 123 258 131
pos1/rw-1058.jpg 1 360 125 257 130
pos1/rw-1059.jpg 1 359 125 256 133
pos1/rw-1060.jpg 1 357 126 256 140
pos1/rw-1061.jpg 1 358 125 248 142
pos1/rw-1062.jpg 1 358 126 250 140
pos1/rw-1063.jpg 1 375 126 230 139
pos1/rw-1064.jpg 1 375 126 231 138
pos1/rw-1065.jpg 1 375 126 231 138
pos1/rw-1066.jpg 1 375 126 231 138
pos1/rw-1067.jpg 1 375 126 231 138
pos1/rw-1068.jpg 1 375 126 231 138
pos1/rw-1069.jpg 1 375 126 231 138
pos1/rw-1070.jpg 1 375 126 231 138
pos1/rw-1071.jpg 1 375 126 234 142
pos1/rw-1072.jpg 1 375 126 234 143
pos1/rw-1073.jpg 1 375 126 235 143
pos1/rw-1074.jpg 1 354 126 256 143
pos1/rw-1075.jpg 1 349 126 257 142
pos1/rw-1076.jpg 1 349 126 257 142
pos1/rw-1077.jpg 1 349 126 257 142
pos1/rw-1078.jpg 1 349 126 257 142
pos1/rw-1079.jpg 1 349 126 257 142
pos1/rw-1080.jpg 1 349 126 257 142
pos1/rw-1081.jpg 1 353 126 253 142
pos1/rw-1082.jpg 1 353 126 253 142
pos1/rw-1083.jpg 1 353 126 253 142
pos1/rw-1084.jpg 1 353 126 253 142
pos1/rw-1085.jpg 1 353 126 253 142
pos1/rw-1086.jpg 1 353 126 253 142
pos1/rw-1087.jpg 1 352 127 256 142
pos1/rw-1088.jpg 1 349 127 257 142
pos1/rw-1089.jpg 1 351 128 250 136
pos1/rw-1090.jpg 1 329 142 154 117
pos1/rw-1091.jpg 1 324 141 155 119
pos1/rw-1092.jpg 1 320 142 156 118
pos1/rw-1093.jpg 1 317 142 158 120
pos1/rw-1094.jpg 1 321 140 156 106
pos1/rw-1095.jpg 1 318 141 155 105
pos1/rw-1096.jpg 1 309 150 158 114
pos1/rw-1097.jpg 1 306 150 159 113
pos1/rw-1098.jpg 1 293 140 217 125
pos1/rw-1099.jpg 1 291 141 217 124
pos1/rw-1100.jpg 1 287 143 203 123
pos1/rw-1101.jpg 1 282 144 201 122
pos1/rw-1102.jpg 1 274 147 199 119
pos1/rw-1103.jpg 1 271 149 197 117
pos1/rw-1104.jpg 1 265 149 198 117
pos1/rw-1105.jpg 1 261 149 198 114
pos1/rw-1106.jpg 1 275 141 205 127
pos1/rw-1107.jpg 1 257 150 197 114
pos1/rw-1108.jpg 1 275 143 191 126
pos1/rw-1109.jpg 1 253 150 196 113
pos1/rw-1110.jpg 1 283 143 176 107
pos1/rw-1111.jpg 1 247 150 198 114
pos1/rw-1112.jpg 1 240 150 201 114
pos1/rw-1113.jpg 1 234 150 198 116
pos1/rw-1114.jpg 1 228 150 202 116
pos1/rw-1115.jpg 1 228 150 199 117
pos1/rw-1116.jpg 1 248 144 149 101
pos1/rw-1117.jpg 1 226 149 197 118
pos1/rw-1118.jpg 1 234 144 159 104
pos1/rw-1119.jpg 1 223 149 196 118
pos1/rw-1120.jpg 1 231 144 159 104
pos1/rw-1121.jpg 1 221 149 194 120
pos1/rw-1122.jpg 1 219 148 192 121
pos1/rw-1123.jpg 1 212 147 195 122
pos1/rw-1124.jpg 1 208 147 195 122
pos1/rw-1125.jpg 1 207 145 193 125
pos1/rw-1126.jpg 1 187 144 210 132
pos1/rw-1127.jpg 1 182 145 211 133
pos1/rw-1128.jpg 1 174 145 215 136
pos1/rw-1129.jpg 1 171 146 214 135
pos1/rw-1130.jpg 1 166 146 218 134
pos1/rw-1131.jpg 1 187 146 196 123
pos1/rw-1132.jpg 1 186 146 196 123
pos1/rw-1133.jpg 1 193 145 149 101
pos1/rw-1134.jpg 1 182 147 196 122
pos1/rw-1135.jpg 1 191 144 158 102
pos1/rw-1136.jpg 1 192 143 160 102
pos1/rw-1137.jpg 1 186 147 187 115
pos1/rw-1138.jpg 1 193 143 156 102
pos1/rw-1139.jpg 1 184 147 187 116
pos1/rw-1140.jpg 1 191 143 156 102
pos1/rw-1141.jpg 1 179 148 181 115
pos1/rw-1142.jpg 1 186 143 147 102
pos1/rw-1143.jpg 1 176 147 180 116
pos1/rw-1144.jpg 1 183 142 147 103
pos1/rw-1145.jpg 1 175 147 174 116
pos1/rw-1146.jpg 1 180 142 146 103
pos1/rw-1147.jpg 1 172 147 174 116
pos1/rw-1148.jpg 1 170 147 174 115
pos1/rw-1149.jpg 1 168 147 173 116
pos1/rw-1150.jpg 1 169 150 165 113
pos1/rw-1151.jpg 1 168 150 163 116
pos1/rw-1152.jpg 1 167 151 162 116
pos1/rw-1153.jpg 1 169 152 157 113
pos1/rw-1154.jpg 1 172 159 151 106
pos1/rw-1155.jpg 1 86 178 171 117
pos1/rw-1156.jpg 1 181 136 147 110
pos1/rw-1157.jpg 1 179 136 147 110
pos1/rw-1158.jpg 1 178 137 147 111
pos1/rw-1159.jpg 1 176 136 146 113
pos1/rw-1160.jpg 1 173 136 147 114
pos1/rw-1161.jpg 1 170 136 150 116
pos1/rw-1162.jpg 1 167 137 149 116
pos1/rw-1163.jpg 1 162 137 151 118
pos1/rw-1164.jpg 1 159 137 152 119
pos1/rw-1165.jpg 1 156 137 152 125
pos1/rw-1166.jpg 1 153 138 152 125
pos1/rw-1167.jpg 1 150 138 151 123
pos1/rw-1168.jpg 1 153 138 145 123
pos1/rw-1169.jpg 1 152 138 142 126
pos1/rw-1170.jpg 1 147 139 143 126
pos1/rw-1171.jpg 1 144 139 141 127
pos1/rw-1172.jpg 1 140 141 144 126
pos1/rw-1173.jpg 1 136 149 145 119
pos1/rw-1174.jpg 1 133 149 144 120
pos1/rw-1175.jpg 1 89 144 151 131
pos1/rw-1176.jpg 1 85 144 155 130
pos1/rw-1177.jpg 1 82 144 155 130
pos1/rw-1178.jpg 1 79 144 155 130
pos1/rw-1179.jpg 1 76 145 155 129
pos1/rw-1180.jpg 1 72 145 155 129
pos1/rw-1181.jpg 1 69 145 155 129
pos1/rw-1182.jpg 1 65 144 156 130
pos1/rw-1183.jpg 1 61 144 155 130
pos1/rw-1184.jpg 1 57 144 157 131
pos1/rw-1185.jpg 1 54 144 156 131
pos1/rw-1186.jpg 1 50 144 156 131
pos1/rw-1187.jpg 1 46 145 160 129
pos1/rw-1189.jpg 1 30 145 169 130
pos1/rw-1191.jpg 1 28 145 171 130
pos1/rw-1193.jpg 1 25 145 171 130
pos1/rw-1195.jpg 1 20 145 174 131
pos1/rw-1196.jpg 1 25 146 166 129
pos1/rw-1197.jpg 1 12 146 176 129
pos1/rw-1198.jpg 1 9 146 176 129
pos1/rw-1199.jpg 1 14 147 167 128
pos1/rw-1200.jpg 1 7 147 171 128
pos1/rw-1201.jpg 1 2 147 173 128
pos1/rw-1323.jpg 1 428 243 147 117
pos1/rw-1398.jpg 1 4 168 211 126
pos1/rw-1399.jpg 1 4 181 232 134
pos1/rw-1400.jpg 1 6 168 228 126
pos1/rw-1401.jpg 1 9 182 231 132
pos1/rw-1402.jpg 1 12 181 233 133
pos1/rw-1403.jpg 1 20 182 231 135
pos1/rw-1404.jpg 1 25 182 229 135
pos1/rw-1405.jpg 1 29 181 228 135
pos1/rw-1406.jpg 1 32 181 228 134
pos1/rw-1407.jpg 1 38 182 225 133
pos1/rw-1408.jpg 1 40 182 225 132
pos1/rw-1409.jpg 1 43 183 224 131
pos1/rw-1410.jpg 1 48 184 221 131
pos1/rw-1411.jpg 1 51 184 221 131
pos1/rw-1412.jpg 1 51 184 223 131
pos1/rw-1413.jpg 1 56 185 220 130
pos1/rw-1414.jpg 1 39 164 235 129
pos1/rw-1415.jpg 1 63 186 217 129
pos1/rw-1416.jpg 1 44 164 233 130
pos1/rw-1417.jpg 1 59 186 228 133
pos1/rw-1418.jpg 1 31 165 242 129
pos1/rw-1419.jpg 1 33 165 247 128
pos1/rw-1420.jpg 1 33 165 247 129
pos1/rw-1421.jpg 1 35 164 248 130
pos1/rw-1422.jpg 1 38 164 254 130
pos1/rw-1423.jpg 1 40 165 255 128
pos1/rw-1424.jpg 1 44 165 256 128
pos1/rw-1425.jpg 1 72 165 219 128
pos1/rw-1426.jpg 1 94 184 222 135
pos1/rw-1427.jpg 1 76 166 218 126
pos1/rw-1428.jpg 1 98 184 222 134
pos1/rw-1429.jpg 1 80 166 211 127
pos1/rw-1430.jpg 1 84 166 215 127
pos1/rw-1431.jpg 1 44 186 283 133
pos1/rw-1432.jpg 1 88 165 214 128
pos1/rw-1433.jpg 1 50 185 282 134
pos1/rw-1434.jpg 1 93 165 211 128
pos1/rw-1435.jpg 1 115 186 220 132
pos1/rw-1436.jpg 1 93 165 216 128
pos1/rw-1437.jpg 1 123 186 216 133
pos1/rw-1438.jpg 1 96 164 217 128
pos1/rw-1439.jpg 1 126 187 214 131
pos1/rw-1440.jpg 1 101 165 216 127
pos1/rw-1441.jpg 1 135 187 213 133
pos1/rw-1442.jpg 1 107 165 212 127
pos1/rw-1443.jpg 1 138 186 214 134
pos1/rw-1444.jpg 1 111 164 211 128
pos1/rw-1445.jpg 1 144 187 211 132
pos1/rw-1446.jpg 1 149 186 209 134
pos1/rw-1447.jpg 1 117 165 204 127
pos1/rw-1448.jpg 1 152 187 211 132
pos1/rw-1449.jpg 1 130 166 195 127
pos1/rw-1450.jpg 1 156 189 210 130
pos1/rw-1451.jpg 1 137 167 192 126
pos1/rw-1452.jpg 1 164 189 207 130
pos1/rw-1453.jpg 1 141 167 192 126
pos1/rw-1454.jpg 1 149 166 185 127
pos1/rw-1455.jpg 1 154 166 184 127
pos1/rw-1456.jpg 1 154 166 188 127
pos1/rw-1457.jpg 1 183 191 199 128
pos1/rw-1458.jpg 1 156 165 189 127
pos1/rw-1459.jpg 1 158 165 191 127
pos1/rw-1460.jpg 1 190 191 201 128
pos1/rw-1461.jpg 1 159 164 195 128
pos1/rw-1462.jpg 1 163 167 196 125
pos1/rw-1463.jpg 1 167 168 198 124
pos1/rw-1464.jpg 1 173 169 198 123
pos1/rw-1465.jpg 1 184 170 188 121
pos1/rw-1466.jpg 1 194 170 180 121
pos1/rw-1467.jpg 1 190 169 189 122
pos1/rw-1468.jpg 1 194 169 194 122
pos1/rw-1469.jpg 1 196 168 195 121
pos1/rw-1470.jpg 1 199 166 189 119
pos1/rw-1471.jpg 1 189 164 203 120
pos1/rw-1472.jpg 1 190 164 202 120
pos1/rw-1473.jpg 1 195 165 203 119
pos1/rw-1474.jpg 1 198 164 223 125
pos1/rw-1475.jpg 1 191 165 245 126
pos1/rw-1476.jpg 1 197 165 249 127
pos1/rw-1477.jpg 1 201 166 219 123
pos1/rw-1478.jpg 1 210 167 210 121
pos1/rw-1479.jpg 1 212 168 213 120
pos1/rw-1480.jpg 1 217 171 189 113
pos1/rw-1481.jpg 1 222 171 190 113
pos1/rw-1482.jpg 1 228 170 189 114
pos1/rw-1483.jpg 1 231 168 190 116
pos1/rw-1484.jpg 1 237 166 193 117
pos1/rw-1485.jpg 1 238 167 197 116
pos1/rw-1486.jpg 1 228 173 324 159
pos1/rw-1487.jpg 1 235 165 333 159
pos1/rw-1488.jpg 1 240 165 334 159
pos1/rw-1489.jpg 1 244 162 333 160
pos1/rw-1490.jpg 1 248 161 334 162
pos1/rw-1491.jpg 1 251 160 336 164
pos1/rw-1492.jpg 1 328 157 301 139
pos1/rw-1493.jpg 1 330 314 290 165
pos1/rw-1494.jpg 1 333 158 296 136
pos1/rw-1495.jpg 1 343 157 286 135
pos1/rw-1496.jpg 1 349 156 280 133
pos1/rw-1497.jpg 1 357 156 272 133
pos1/rw-1498.jpg 1 364 155 265 134
pos1/rw-1499.jpg 1 424 151 205 130
pos1/rw-1500.jpg 1 378 348 162 131
pos1/rw-1501.jpg 1 474 148 155 128
pos1/rw-1502.jpg 1 482 148 147 127
pos1/rw-1503.jpg 1 486 148 143 127
pos1/rw-1504.jpg 1 390 378 148 101
pos1/rw-1505.jpg 1 442 147 187 164
pos1/rw-1506.jpg 1 445 146 184 165
pos1/rw-1507.jpg 1 446 145 183 167
pos1/rw-1508.jpg 1 441 143 188 170
pos1/rw-1509.jpg 1 453 159 176 155
pos1/rw-1510.jpg 1 458 147 171 167
pos1/rw-1511.jpg 1 459 146 170 168
pos1/rw-1512.jpg 1 459 159 170 155
pos1/rw-1513.jpg 1 459 159 170 155
pos1/rw-1514.jpg 1 429 237 146 116
pos1/rw-1515.jpg 1 459 159 170 155
pos1/rw-1516.jpg 1 459 160 170 154
pos1/rw-1517.jpg 1 458 160 171 154
pos1/rw-1518.jpg 1 458 160 171 154
pos1/rw-1519.jpg 1 458 160 171 154
pos1/rw-1520.jpg 1 458 161 171 153
pos1/rw-1521.jpg 1 458 161 171 153
pos1/rw-1522.jpg 1 458 161 171 153
pos1/rw-1523.jpg 1 458 161 171 153
pos1/rw-1524.jpg 1 458 161 171 153
pos1/rw-1525.jpg 1 458 161 171 153
pos1/rw-1526.jpg 1 458 161 171 153
pos1/rw-1527.jpg 1 458 161 171 153
pos1/rw-1528.jpg 1 458 162 171 152
pos1/rw-1529.jpg 1 458 162 171 152
pos1/rw-1530.jpg 1 458 162 171 152
pos1/rw-1531.jpg 1 458 162 171 152
pos1/rw-1532.jpg 1 458 162 171 151
pos1/rw-1533.jpg 1 458 162 171 151
pos1/rw-1534.jpg 1 458 162 171 151
pos1/rw-1535.jpg 1 458 162 171 150
pos1/rw-1536.jpg 1 458 161 171 151
pos1/rw-1537.jpg 1 459 162 170 149
pos1/rw-1538.jpg 1 459 162 170 149
pos1/rw-1539.jpg 1 460 161 169 149
pos1/rw-1540.jpg 1 459 161 170 148
pos1/rw-1541.jpg 1 463 156 166 152
pos1/rw-1542.jpg 1 463 155 166 152
pos1/rw-1543.jpg 1 459 156 170 151
pos1/rw-1544.jpg 1 461 156 168 148
pos1/rw-1545.jpg 1 462 180 143 122
pos1/rw-1546.jpg 1 478 157 151 110
pos1/rw-1547.jpg 1 477 157 152 110
pos1/rw-1548.jpg 1 467 157 162 109
pos1/rw-1549.jpg 1 466 158 163 108
pos1/rw-1550.jpg 1 480 155 149 109
pos1/rw-1551.jpg 1 450 158 179 119
pos1/rw-1552.jpg 1 449 158 180 119
pos1/rw-1553.jpg 1 440 150 189 127
pos1/rw-1554.jpg 1 439 149 190 129
pos1/rw-1555.jpg 1 475 159 154 113
pos1/rw-1556.jpg 1 474 159 155 114
pos1/rw-1557.jpg 1 480 160 149 113
pos1/rw-1558.jpg 1 478 160 151 113
pos1/rw-1559.jpg 1 464 159 165 114
pos1/rw-1560.jpg 1 459 158 170 116
pos1/rw-1561.jpg 1 454 158 175 118
pos1/rw-1562.jpg 1 452 157 177 121
pos1/rw-1563.jpg 1 448 157 181 121
pos1/rw-1564.jpg 1 449 156 180 125
pos1/rw-1565.jpg 1 447 156 182 126
pos1/rw-1566.jpg 1 447 156 182 130
pos1/rw-1567.jpg 1 401 149 228 150
pos1/rw-1568.jpg 1 444 156 185 133
pos1/rw-1569.jpg 1 441 156 188 135
pos1/rw-1570.jpg 1 401 149 228 165
pos1/rw-1571.jpg 1 437 156 192 136
pos1/rw-1572.jpg 1 402 149 227 164
pos1/rw-1573.jpg 1 435 156 194 138
pos1/rw-1574.jpg 1 402 150 227 166
pos1/rw-1575.jpg 1 429 157 200 152
pos1/rw-1576.jpg 1 401 150 228 167
pos1/rw-1577.jpg 1 426 158 203 155
pos1/rw-1578.jpg 1 426 158 203 155
pos1/rw-1579.jpg 1 423 158 206 154
pos1/rw-1580.jpg 1 420 158 209 151
pos1/rw-1581.jpg 1 393 155 236 205
pos1/rw-1582.jpg 1 421 159 208 150
pos1/rw-1583.jpg 1 384 155 245 204
pos1/rw-1584.jpg 1 419 159 210 151
pos1/rw-1585.jpg 1 376 167 253 194
pos1/rw-1586.jpg 1 417 159 212 150
pos1/rw-1587.jpg 1 414 159 215 149
pos1/rw-1588.jpg 1 385 168 244 181
pos1/rw-1589.jpg 1 411 159 218 149
pos1/rw-1590.jpg 1 382 167 247 189
pos1/rw-1591.jpg 1 406 160 223 149
pos1/rw-1592.jpg 1 382 167 247 189
pos1/rw-1593.jpg 1 401 163 228 145
pos1/rw-1594.jpg 1 381 167 248 187
pos1/rw-1595.jpg 1 398 163 231 146
pos1/rw-1596.jpg 1 383 167 246 185
pos1/rw-1597.jpg 1 395 163 234 144
pos1/rw-1598.jpg 1 377 167 252 175
pos1/rw-1599.jpg 1 377 167 252 173
pos1/rw-1600.jpg 1 379 167 250 175
pos1/rw-1601.jpg 1 382 168 247 170
pos1/rw-1602.jpg 1 396 166 233 137
pos1/rw-1603.jpg 1 383 168 246 170
pos1/rw-1604.jpg 1 399 166 230 137
pos1/rw-1605.jpg 1 384 168 245 170
pos1/rw-1606.jpg 1 399 166 230 137
pos1/rw-1607.jpg 1 384 168 245 170
pos1/rw-1608.jpg 1 400 167 229 136
pos1/rw-1609.jpg 1 385 168 244 170
pos1/rw-1610.jpg 1 400 167 229 135
pos1/rw-1611.jpg 1 385 168 244 170
pos1/rw-1612.jpg 1 400 168 229 135
pos1/rw-1613.jpg 1 385 168 244 170
pos1/rw-1614.jpg 1 404 167 225 135
pos1/rw-1615.jpg 1 385 168 244 170
pos1/rw-1616.jpg 1 406 168 223 134
pos1/rw-1617.jpg 1 385 168 244 170
pos1/rw-1618.jpg 1 385 168 244 170
pos1/rw-1619.jpg 1 386 168 243 170
pos1/rw-1620.jpg 1 407 170 222 132
pos1/rw-1621.jpg 1 385 168 244 170
pos1/rw-1622.jpg 1 410 176 219 129
pos1/rw-1623.jpg 1 409 177 220 129
pos1/rw-1624.jpg 1 408 179 221 128
pos1/rw-1625.jpg 1 406 181 223 128
pos1/rw-1626.jpg 1 404 180 225 131
pos1/rw-1627.jpg 1 403 182 226 131
pos1/rw-1628.jpg 1 375 176 254 190
pos1/rw-1629.jpg 1 401 183 228 132
pos1/rw-1630.jpg 1 399 182 230 137
pos1/rw-1631.jpg 1 372 178 257 190
pos1/rw-1632.jpg 1 397 184 232 136
pos1/rw-1633.jpg 1 370 180 259 191
pos1/rw-1634.jpg 1 393 185 236 137
pos1/rw-1635.jpg 1 371 180 258 158
pos1/rw-1636.jpg 1 399 187 165 127
pos1/rw-1637.jpg 1 399 187 230 127
pos1/rw-1638.jpg 1 399 188 167 126
pos1/rw-1639.jpg 1 362 195 267 169
pos1/rw-1640.jpg 1 361 196 268 172
pos1/rw-1641.jpg 1 360 198 269 174
pos1/rw-1642.jpg 1 360 199 269 175
pos1/rw-1643.jpg 1 360 199 269 177
pos1/rw-1644.jpg 1 360 199 269 177
pos1/rw-1645.jpg 1 360 199 269 175
pos1/rw-1646.jpg 1 360 199 269 174
pos1/rw-1647.jpg 1 360 198 269 174
pos1/rw-1648.jpg 1 360 198 269 173
pos1/rw-1649.jpg 1 360 198 269 173
pos1/rw-1650.jpg 1 361 198 268 172
pos1/rw-1651.jpg 1 361 198 268 172
pos1/rw-1652.jpg 1 361 198 268 172
pos1/rw-1653.jpg 1 361 198 268 173
pos1/rw-1654.jpg 1 361 198 268 173
pos1/rw-1655.jpg 1 361 198 268 174
pos1/rw-1656.jpg 1 361 198 268 173
pos1/rw-1657.jpg 1 361 199 268 173
pos1/rw-1658.jpg 1 361 199 268 173
pos1/rw-1659.jpg 1 361 199 268 173
pos1/rw-1660.jpg 1 361 199 268 173
pos1/rw-1661.jpg 1 361 199 268 173
pos1/rw-1662.jpg 1 361 199 268 173
pos1/rw-1663.jpg 1 361 199 268 173
pos1/rw-1664.jpg 1 360 199 269 173
pos1/rw-1665.jpg 1 360 199 269 173
pos1/rw-1666.jpg 1 360 198 269 174
pos1/rw-1667.jpg 1 360 198 269 173
pos1/rw-1668.jpg 1 360 198 269 173
pos1/rw-1669.jpg 1 361 197 268 174
pos1/rw-1670.jpg 1 361 197 268 174
pos1/rw-1671.jpg 1 361 197 268 174
pos1/rw-1672.jpg 1 361 197 268 174
pos1/rw-1673.jpg 1 361 197 268 174
pos1/rw-1674.jpg 1 361 197 268 174
pos1/rw-1675.jpg 1 398 201 147 128
pos1/rw-1676.jpg 1 361 197 268 174
pos1/rw-1677.jpg 1 361 197 268 174
pos1/rw-1678.jpg 1 361 197 268 174
pos1/rw-1679.jpg 1 361 197 268 174
pos1/rw-1680.jpg 1 361 197 268 174
pos1/rw-1681.jpg 1 361 197 268 174
pos1/rw-1682.jpg 1 360 197 269 174
pos1/rw-1683.jpg 1 360 197 269 174
pos1/rw-1684.jpg 1 360 197 269 174
pos1/rw-1685.jpg 1 360 197 269 174
pos1/rw-1686.jpg 1 359 197 270 175
pos1/rw-1687.jpg 1 358 198 271 175
pos1/rw-1688.jpg 1 354 198 275 175
pos1/rw-1689.jpg 1 351 198 278 175
pos1/rw-1690.jpg 1 347 198 282 175
pos1/rw-1691.jpg 1 346 197 283 176
pos1/rw-1692.jpg 1 341 197 288 175
pos1/rw-1693.jpg 1 336 196 293 176
pos1/rw-1694.jpg 1 333 195 296 178
pos1/rw-1695.jpg 1 330 194 299 180
pos1/rw-1696.jpg 1 323 194 306 180
pos1/rw-1697.jpg 1 310 191 319 187
pos1/rw-1698.jpg 1 352 197 150 113
pos1/rw-1699.jpg 1 309 190 320 190
pos1/rw-1700.jpg 1 471 216 158 112
pos1/rw-1701.jpg 1 310 193 319 189
pos1/rw-1702.jpg 1 309 193 320 194
pos1/rw-1703.jpg 1 452 216 177 111
pos1/rw-1704.jpg 1 306 195 323 190
pos1/rw-1705.jpg 1 461 217 157 109
pos1/rw-1706.jpg 1 274 192 355 190
pos1/rw-1707.jpg 1 452 216 151 109
pos1/rw-1708.jpg 1 266 192 363 187
pos1/rw-1709.jpg 1 326 196 155 112
pos1/rw-1710.jpg 1 262 191 367 188
pos1/rw-1711.jpg 1 337 192 230 128
pos1/rw-1712.jpg 1 260 189 369 191
pos1/rw-1713.jpg 1 256 192 373 186
pos1/rw-1714.jpg 1 328 190 248 130
pos1/rw-1715.jpg 1 253 192 376 185
pos1/rw-1716.jpg 1 326 190 237 137
pos1/rw-1717.jpg 1 250 193 379 184
pos1/rw-1718.jpg 1 326 189 233 138
pos1/rw-1719.jpg 1 322 190 199 137
pos1/rw-1720.jpg 1 320 190 202 133
pos1/rw-1721.jpg 1 267 195 362 179
pos1/rw-1722.jpg 1 316 188 208 138
pos1/rw-1723.jpg 1 264 195 365 176
pos1/rw-1724.jpg 1 315 188 209 139
pos1/rw-1725.jpg 1 312 188 212 140
pos1/rw-1726.jpg 1 312 188 227 140
pos1/rw-1727.jpg 1 311 185 228 141
pos1/rw-1728.jpg 1 303 188 236 131
pos1/rw-1729.jpg 1 301 187 232 129
pos1/rw-1730.jpg 1 300 187 229 131
pos1/rw-1731.jpg 1 299 187 225 129
pos1/rw-1732.jpg 1 299 187 228 129
pos1/rw-1733.jpg 1 318 187 204 126
pos1/rw-1734.jpg 1 318 187 204 126
pos1/rw-1735.jpg 1 317 187 205 126
pos1/rw-1736.jpg 1 317 187 205 126
pos1/rw-1737.jpg 1 319 187 193 125
pos1/rw-1738.jpg 1 319 187 193 125
pos1/rw-1739.jpg 1 319 187 193 125
pos1/rw-1740.jpg 1 319 187 193 125
pos1/rw-1741.jpg 1 319 187 193 125
pos1/rw-1742.jpg 1 319 187 193 125
pos1/rw-1743.jpg 1 319 187 193 125
pos1/rw-1744.jpg 1 319 187 193 125
pos1/rw-1745.jpg 1 319 187 193 125
pos1/rw-1746.jpg 1 319 187 193 125
pos1/rw-1747.jpg 1 319 187 193 124
pos1/rw-1748.jpg 1 318 188 192 124
pos1/rw-1749.jpg 1 314 188 196 123
pos1/rw-1750.jpg 1 312 188 194 123
pos1/rw-1751.jpg 1 310 191 195 121
pos1/rw-1752.jpg 1 310 194 192 118
pos1/rw-1753.jpg 1 304 196 190 116
pos1/rw-1754.jpg 1 300 195 200 118
pos1/rw-1755.jpg 1 293 196 200 119
pos1/rw-1756.jpg 1 286 193 199 121
pos1/rw-1757.jpg 1 281 196 198 118
pos1/rw-1758.jpg 1 274 192 183 122
pos1/rw-1759.jpg 1 420 225 181 136
pos1/rw-1760.jpg 1 420 225 181 135
pos1/rw-1761.jpg 1 421 228 179 118
pos1/rw-1762.jpg 1 421 240 149 106
pos1/rw-1763.jpg 1 135 200 175 121
pos1/rw-1764.jpg 1 128 201 174 121
pos1/rw-1765.jpg 1 120 202 179 121
pos1/rw-1766.jpg 1 113 204 186 140
pos1/rw-1767.jpg 1 106 205 188 141
pos1/rw-1768.jpg 1 101 205 188 141
pos1/rw-1769.jpg 1 94 206 190 141
pos1/rw-1770.jpg 1 89 206 189 140
pos1/rw-1771.jpg 1 82 206 194 140
pos1/rw-1772.jpg 1 76 207 194 137
pos1/rw-1773.jpg 1 18 209 177 122
pos1/rw-1774.jpg 1 10 210 179 122
pos1/rw-1775.jpg 1 4 211 178 121
pos1/rw-1803.jpg 1 481 166 148 111
pos1/rw-1805.jpg 1 481 166 148 111
pos1/rw-1811.jpg 1 423 234 155 115
pos1/rw-1812.jpg 1 259 169 167 114
pos1/rw-1813.jpg 1 259 169 167 114
pos1/rw-1814.jpg 1 259 169 167 114
pos1/rw-1835.jpg 1 97 227 532 252
pos1/rw-1836.jpg 1 105 227 524 252
pos1/rw-1837.jpg 1 118 227 511 252
pos1/rw-1838.jpg 1 129 228 500 251
pos1/rw-1839.jpg 1 140 228 489 251
pos1/rw-1840.jpg 1 284 243 277 161
pos1/rw-1841.jpg 1 299 243 272 156
pos1/rw-1842.jpg 1 234 229 395 250
pos1/rw-1843.jpg 1 310 243 254 155
pos1/rw-1844.jpg 1 322 229 307 250
pos1/rw-1845.jpg 1 336 228 293 251
pos1/rw-1846.jpg 1 369 230 260 249
pos1/rw-1847.jpg 1 386 229 243 250
pos1/rw-1848.jpg 1 465 271 147 106
pos1/rw-1849.jpg 1 480 267 144 112
pos1/rw-1850.jpg 1 490 266 139 133
pos1/rw-1851.jpg 1 496 266 133 121
pos1/rw-1852.jpg 1 318 326 150 153
pos1/rw-1853.jpg 1 360 316 148 163
pos1/rw-1854.jpg 1 375 328 145 123
pos1/rw-1855.jpg 1 464 289 140 121
pos1/rw-1856.jpg 1 475 291 142 121
pos1/rw-1857.jpg 1 485 292 144 120
pos1/rw-1858.jpg 1 495 292 134 120
pos1/rw-1859.jpg 1 447 259 179 220
pos1/rw-1860.jpg 1 447 260 178 219
pos1/rw-1861.jpg 1 444 259 185 220
pos1/rw-1862.jpg 1 440 258 189 221
pos1/rw-1863.jpg 1 494 294 135 120
pos1/rw-1864.jpg 1 491 293 138 121
pos1/rw-1865.jpg 1 456 230 159 106
pos1/rw-1866.jpg 1 486 299 143 118
pos1/rw-1867.jpg 1 486 299 143 115
pos1/rw-1868.jpg 1 486 299 143 114
pos1/rw-1869.jpg 1 487 300 142 112
pos1/rw-1870.jpg 1 414 231 152 110
pos1/rw-1871.jpg 1 410 231 153 111
pos1/rw-1872.jpg 1 399 235 159 110
pos1/rw-1873.jpg 1 396 237 159 109
pos1/rw-1874.jpg 1 393 237 158 110
pos1/rw-1875.jpg 1 388 238 163 110
pos1/rw-1876.jpg 1 385 237 165 113
pos1/rw-1877.jpg 1 369 217 166 143
pos1/rw-1878.jpg 1 289 211 340 235
pos1/rw-1879.jpg 1 419 220 210 113
pos1/rw-1880.jpg 1 289 206 340 243
pos1/rw-1881.jpg 1 402 219 227 115
pos1/rw-1882.jpg 1 283 205 346 236
pos1/rw-1883.jpg 1 346 218 283 129
pos1/rw-1884.jpg 1 298 198 331 220
pos1/rw-1885.jpg 1 298 196 331 217
pos1/rw-1886.jpg 1 407 172 198 114
pos1/rw-1887.jpg 1 406 171 197 117
pos1/rw-1888.jpg 1 407 169 195 117
pos1/rw-1889.jpg 1 402 167 198 116
pos1/rw-1890.jpg 1 400 166 197 117
pos1/rw-1891.jpg 1 399 165 196 117
pos1/rw-1892.jpg 1 400 164 193 117
pos1/rw-1893.jpg 1 396 163 196 116
pos1/rw-1894.jpg 1 397 162 193 116
pos1/rw-1895.jpg 1 398 161 193 116
pos1/rw-1896.jpg 1 393 154 191 114
pos1/rw-1897.jpg 1 395 153 188 114
pos1/rw-1898.jpg 1 395 151 186 114
pos1/rw-1899.jpg 1 427 244 159 110
pos1/rw-1900.jpg 1 427 248 158 106
pos1/rw-1901.jpg 1 425 243 161 111
pos1/rw-1902.jpg 1 426 245 160 108
pos1/rw-1903.jpg 1 425 246 162 107
pos1/rw-1904.jpg 1 426 246 158 108
pos1/rw-1905.jpg 1 426 242 165 112
pos1/rw-1906.jpg 1 438 228 170 136
pos1/rw-1907.jpg 1 438 228 170 136
pos1/rw-1908.jpg 1 438 228 170 136
pos1/rw-1909.jpg 1 438 228 165 136
pos1/rw-1910.jpg 1 452 241 145 111
